# Hydrograph at the point with coordinates: 50.5234029704 14.8824713719
# A pixel size is [m2]:
# 1.0
# Time[s];deltaTime[s];Rainfall[m];Waterlevel[m];V_runoff[m3];Q[m3/s];V_from_field[m3];V_rests_in_stream[m3]
0.0;20.0;0.0;0.0;0.0;0.0;0.0;0.0
40.0;20.0;0.0005;0.00243753942739;0.000975015802737;4.87507901369e-05;0.0;0.0
60.0;20.0;0.0005;0.00253844011128;0.00267157314124;0.000133578657062;0.0;0.0
80.0;20.0;0.0005;0.00293532033849;0.00870239401896;0.000435119700948;0.0;0.000650480209092
100.0;20.0;0.0005;0.00526079191767;0.0230370887554;0.00115185443777;0.0;0.0257237782003
120.0;20.0;0.0005;0.00718739816554;0.0387882508812;0.00193941254406;0.0;0.0429574222268
140.0;20.0;0.0005;0.00841974196028;0.0505257990817;0.00252628995408;0.0;0.0524781425808
160.0;20.0;0.0005;0.00908523969121;0.0573750689128;0.00286875344564;0.0;0.0571607061152
180.0;20.0;0.0005;0.00941156714277;0.0608609514131;0.00304304757065;0.0;0.0593427473177
200.0;20.0;0.0005;0.00944174285031;0.0611874763595;0.00305937381797;0.0;0.0595407802262
220.0;20.0;0.0005;0.00946266138267;0.0614142452492;0.00307071226246;0.0;0.0596776914126
240.0;20.0;0.0005;0.00947519633996;0.0615502936432;0.00307751468216;0.0;0.0597595872802
260.0;20.0;0.0005;0.00948608580153;0.0616685812762;0.00308342906381;6.63682241129e-05;0.059830644276
280.0;20.0;0.0005;0.00950781050273;0.0619048414582;0.00309524207291;0.000298922774027;0.0599721596147
300.0;20.0;0.0005;0.00954763944689;0.0623389356675;0.00311694678337;0.000491681080372;0.0602307600941
320.0;20.0;0.0005;0.00963476992877;0.0632928337561;0.00316464168781;0.000655104514664;0.0607926666157
340.0;20.0;0.0005;0.00978592711226;0.0649615409781;0.0032480770489;0.000796297082519;0.0617551109855
360.0;20.0;0.0005;0.00995844400012;0.0668874270626;0.00334437135313;0.000920276252698;0.062834469806
380.0;20.0;0.0005;0.0101282263393;0.0688049210463;0.00344024605231;0.00103070228917;0.0638769691004
400.0;20.0;0.0005;0.0102858380619;0.0706045151749;0.00353022575874;0.00113031813487;0.0648273020841
420.0;20.0;0.0005;0.0104294790334;0.0722609122314;0.00361304561157;0.00122122641954;0.0656788530057
440.0;20.0;0.0005;0.0105555400907;0.0737273544184;0.00368636772092;0.00130507041216;0.0664148111618
460.0;20.0;0.0005;0.0106693868865;0.075061929405;0.00375309647025;0.00138315599046;0.067070362861
480.0;20.0;0.0005;0.0107805262905;0.0763740905552;0.00381870452776;0.00145653611038;0.0677020269966
500.0;20.0;0.0005;0.0108901021261;0.0776767808737;0.00388383904369;0.00152607070277;0.0683168073834
520.0;20.0;0.0005;0.0109983682915;0.078972640387;0.00394863201935;0.00159247003731;0.0689164681913
540.0;20.0;0.0005;0.0111060002056;0.0802694928333;0.00401347464166;0.00165632670035;0.0695049849342
560.0;20.0;0.0005;0.0112139746535;0.0815790469496;0.00407895234748;0.00171813956701;0.0700877551709
580.0;20.0;0.0005;0.011323348486;0.0829143032457;0.00414571516229;0.00177833203895;0.0706703236347
600.0;20.0;0.0005;0.011435141154;0.0842881420004;0.00421440710002;0.00183726610555;0.0712577372483
620.0;20.0;0.0005;0.0114499468379;0.0844707763691;0.00422353881846;0.00189525331685;0.0713349256352
640.0;20.0;0.0005;0.0115390687129;0.0855735100794;0.00427867550397;0.00195256344139;0.0717965585031
660.0;20.0;0.0005;0.0116515632557;0.0869736967667;0.00434868483834;0.00200943136655;0.0723719320102
680.0;20.0;0.0005;0.0117754519146;0.0885263318192;0.00442631659096;0.00206606264946;0.0729961550591
700.0;20.0;0.0005;0.0119073992648;0.0901921757483;0.00450960878741;0.00212263802055;0.0736501540532
683.1844;1.5922;3.9805e-05;0.00968659351154;0.0050280736599;0.00315794099981;0.000171321294634;0.154749598231
684.6882;1.548;3.87e-05;0.00963338742481;0.00484355746056;0.00312891308822;0.000166917380841;0.154102042064
686.1584;1.5091;3.77275e-05;0.00957933290011;0.00467752408621;0.00309954548155;0.000163057090214;0.15341159969
687.5981;1.4744;3.686e-05;0.00952504639405;0.00452666375596;0.00307017346444;0.000159626549193;0.152694283974
689.0103;1.4433;3.60825e-05;0.00947104114535;0.00438918040467;0.00304107282247;0.000156564751846;0.151961857548
690.397;1.415;3.5375e-05;0.00941767611587;0.0042625916731;0.00301243227781;0.000153788123438;0.151224488822
691.7604;1.3892;3.473e-05;0.00936528974177;0.0041459669056;0.00298442766024;0.000151266628425;0.150489484616
693.102;1.3654;3.4135e-05;0.00931412093348;0.00403773219199;0.0029571789893;0.000148947989057;0.149763460256
694.4234;1.3434;3.3585e-05;0.00926439924128;0.00393723692037;0.00293080014915;0.000146812167836;0.149051372539
695.726;1.323;3.3075e-05;0.00921631107015;0.00384381871571;0.0029053807375;0.000144838870296;0.148357445918
697.011;1.304;3.26e-05;0.00917001086334;0.00375681416471;0.0028809924576;0.000143007558594;0.147685355014
698.2792;1.2861;3.21525e-05;0.00912561695846;0.00367527147135;0.00285768717157;0.000141286468461;0.147038632384
699.5319;1.2694;3.1735e-05;0.00908328541265;0.00359943027559;0.00283553669102;0.000139687576543;0.146419503418
700.7697;1.2536;3.134e-05;0.00904310058098;0.00352835029237;0.00281457426003;0.000138178796683;0.145830904607
701.9933;1.2386;3.0965e-05;0.00900516876427;0.003461694808;0.00279484483126;0.000136749844584;0.145275164374
703.2037;1.2245;3.06125e-05;0.00896961552677;0.00339970619128;0.00277640358619;0.000135412462178;0.14475398092
704.4012;1.211;3.0275e-05;0.00893650696644;0.00334148113576;0.0027592742657;0.000134134122726;0.144269941404
705.5866;1.1982;2.9955e-05;0.00890596562414;0.00328727448656;0.00274351067147;0.000132926430417;0.143824680401
706.7604;1.186;2.965e-05;0.00887808585477;0.00323677419337;0.0027291519337;0.000131778825079;0.143420298192
707.923;1.1743;2.93575e-05;0.0088527132523;0.00318952798888;0.00271611001353;0.000130680648744;0.143054770511
709.0751;1.1632;2.908e-05;0.00882974527026;0.00314567097595;0.00270432511688;0.000129643456038;0.142725996012
710.2169;1.1525;2.88125e-05;0.0088090614411;0.00310452250706;0.00269372885645;0.00012864536601;0.142432957279
711.3488;1.1422;2.8555e-05;0.00879059117463;0.00306598421302;0.00268427964719;0.000127686696339;0.142174529949
712.4712;1.1323;2.83075e-05;0.00877428326549;0.00302997430259;0.00267594657122;0.000126767758757;0.141949907104
713.5845;1.1228;2.807e-05;0.00876010564473;0.00299642662119;0.00266870913893;0.000125888859286;0.141758595706
714.6889;1.1136;2.784e-05;0.00874803281657;0.00296501640444;0.00266255065053;0.000125039062305;0.14160066644
715.7849;1.1048;2.762e-05;0.0087380859235;0.00293598280554;0.00265747900574;0.000124229850934;0.141476044411
716.8727;1.0963;2.74075e-05;0.00873027167272;0.00290902650626;0.00265349494322;0.000123450247898;0.141385329117
717.9524;1.088;2.72e-05;0.00872461049336;0.00288386008433;0.00265060669516;0.000122689191679;0.141329344487
719.0244;1.08;2.7e-05;0.00872116279643;0.00286075112402;0.00264884363336;0.000121958138207;0.141308663437
720.089;1.0723;2.68075e-05;0.00871999192033;0.00283970452248;0.00264823698823;0.00012125730383;0.141324363999
721.1463;1.0648;2.662e-05;0.00872093970563;0.00282034214063;0.00264870599233;0.000120575570476;0.141374304009
722.1967;1.0576;2.644e-05;0.00872388786785;0.00280284197789;0.00265019097758;0.000119924432755;0.141456087372
723.2401;1.0505;2.62625e-05;0.00872869297669;0.00278657674342;0.00265261946065;0.000119281374208;0.141568266783
724.2768;1.0436;2.609e-05;0.00873526058687;0.00277174383811;0.00265594465132;0.000118657854334;0.141708836991
725.3072;1.037;2.5925e-05;0.00874350712782;0.00275855021797;0.00266012557181;0.00011806540749;0.141875970217
726.3312;1.0305;2.57625e-05;0.008753321284;0.00274639263879;0.00266510687898;0.000117481419218;0.142068747307
727.3491;1.0242;2.5605e-05;0.0087646369021;0.00273549158033;0.00267085684468;0.000116917389696;0.142285626352
728.3609;1.018;2.545e-05;0.00877737096268;0.00272552700464;0.00267733497509;0.00011636201805;0.142525699467
729.3669;1.012;2.53e-05;0.00879147173716;0.00271673135375;0.00268451714797;0.000115826831888;0.14278766064
730.3673;1.0062;2.5155e-05;0.00880688246692;0.00270906935429;0.00269237661925;0.000115311964777;0.14307057673
731.3621;1.0005;2.50125e-05;0.00882353954951;0.00270223349063;0.0027008830491;0.000114806067045;0.143373860736
732.3514;0.9949;2.48725e-05;0.00884139563259;0.0026961935307;0.00271001460519;0.000114309210646;0.143696735963
733.3355;0.9895;2.47375e-05;0.00886042063867;0.00269120105608;0.00271975852054;0.000113832977461;0.144038249194
734.3144;0.9842;2.4605e-05;0.00888056505151;0.00268695633285;0.00273009178302;0.000113365970523;0.144398047429
735.2882;0.979;2.4475e-05;0.00890179383569;0.00268343800987;0.00274099898863;0.000112908259037;0.144775556587
736.257;0.9739;2.43475e-05;0.00892407510266;0.0026806270043;0.00275246637673;0.000112459911479;0.145170254358
737.2211;0.969;2.4225e-05;0.00894739261597;0.00267878931247;0.00276448845456;0.000112032563713;0.145581410972
738.1803;0.9641;2.41025e-05;0.00897169679445;0.00267734623161;0.00277704204088;0.000111603174971;0.146009142281
739.135;0.9594;2.3985e-05;0.00899698634939;0.00267685032029;0.00279012958129;0.000111194947564;0.146452497601
740.085;0.9547;2.38675e-05;0.00902321595964;0.00267672111147;0.00280373008429;0.000110784782545;0.146911667556
741.0305;0.9501;2.37525e-05;0.00905037476263;0.0026772306513;0.00281784091285;0.000110384313072;0.14738600878
741.9718;0.9457;2.36425e-05;0.00907845607991;0.00267865899728;0.00283246166573;0.000110005241934;0.14787494194
742.9087;0.9413;2.35325e-05;0.00910741919851;0.00268042112995;0.00284757370652;0.000109624383983;0.148378741126
743.8414;0.937;2.3425e-05;0.00913725662994;0.00268279611666;0.00286317621842;0.000109253412852;0.148896814122
744.77;0.9328;2.332e-05;0.00916795203009;0.0026857770994;0.00287926361428;0.000108892391156;0.149428893529
745.6944;0.9286;2.3215e-05;0.00919947697703;0.00268906196199;0.00289582377987;0.000108529687436;0.149974990493
746.6148;0.9245;2.31125e-05;0.00923182571737;0.00269293615081;0.00291285684241;0.000108177015706;0.150534536422
747.5315;0.9206;2.3015e-05;0.00926499652404;0.00269769411637;0.00293036510577;0.000107846157937;0.151107023126
748.4441;0.9166;2.2915e-05;0.0092989406785;0.00270243499027;0.00294832532214;0.000107502026175;0.151693092964
749.3531;0.9128;2.282e-05;0.00933367540671;0.00270804954353;0.00296675015724;0.000107179815615;0.152291585797
750.2583;0.909;2.2725e-05;0.00936916562997;0.00271393192571;0.00298562368065;0.000106856117566;0.152902892462
751.1599;0.9053;2.26325e-05;0.00940540718064;0.00272037840806;0.00300494687735;0.000106542712173;0.153526461073
752.0578;0.9016;2.254e-05;0.00944237444157;0.00272707756215;0.00302470891986;0.000106227870427;0.154162359779
752.9522;0.898;2.245e-05;0.00948006343131;0.00273432996252;0.0030449108714;0.000105923398797;0.154810035647
753.8432;0.8945;2.23625e-05;0.00951846175624;0.00274213368362;0.00306554911528;0.000105629355513;0.155469284165
754.7307;0.891;2.2275e-05;0.00955754446029;0.0027501722224;0.00308661304422;0.000105333970657;0.156140189591
755.6149;0.8876;2.219e-05;0.00959730791169;0.00275875299146;0.003108103866;0.000105049089712;0.156822198241
756.4957;0.8842;2.2105e-05;0.00963772745549;0.00276755574764;0.00313001102425;0.000104762915843;0.157515403021
757.3733;0.8809;2.20225e-05;0.00967879957827;0.00277689255504;0.0031523357419;0.000104487320428;0.158219247639
758.2476;0.8776;2.194e-05;0.0097204999302;0.0027864392415;0.00317506750399;0.000104210479911;0.158933833879
759.1188;0.8744;2.186e-05;0.00976282513262;0.00279651267953;0.0031982075475;0.000103944291403;0.159658602944
759.9868;0.8712;2.178e-05;0.00980575115859;0.00280678459092;0.00322174539821;0.000103676904813;0.160393665954
760.8518;0.8681;2.17025e-05;0.00984927479119;0.00281757681611;0.00324568231322;0.00010342024283;0.161138461898
761.7137;0.865;2.1625e-05;0.00989337235194;0.00282855680259;0.00327000786426;0.000103162429016;0.161893111815
762.5725;0.8619;2.15475e-05;0.00993802793681;0.00283971572002;0.00329471599956;0.000102903466948;0.162657356621
763.4286;0.859;2.1475e-05;0.00998325138002;0.00285172134384;0.00331981530132;0.000102667274835;0.163430324319
764.2816;0.856;2.14e-05;0.0100289992762;0.00286356289375;0.00334528375438;0.000102418048019;0.164212853459
765.1318;0.8531;2.13275e-05;0.0100752763069;0.00287590842263;0.0033711269753;0.000102179704303;0.165003982804
765.9793;0.8503;2.12575e-05;0.0101220725513;0.00288875993963;0.00339734204355;0.000101952297688;0.165803545338
766.824;0.8475;2.11875e-05;0.0101693655596;0.00290177112544;0.00342391873208;0.000101723873736;0.166611695861
767.6659;0.8447;2.11175e-05;0.010217140222;0.00291493386054;0.00345085102467;0.000101494435314;0.16742818749
768.5052;0.842;2.105e-05;0.0102653943513;0.00292859417378;0.00347814034891;0.000101276018513;0.168252452432
769.342;0.8394;2.0985e-05;0.0103141189725;0.00294275515033;0.00350578407235;0.000101068676311;0.169084338454
770.1762;0.8368;2.092e-05;0.0103632925982;0.00295706054962;0.00353377216733;0.000100860403086;0.169924026022
771.008;0.8343;2.08575e-05;0.0104129136997;0.00297186529255;0.00356210630774;0.000100663271996;0.170770949726
771.8373;0.8318;2.0795e-05;0.0104629613041;0.0029868079636;0.00359077658523;0.000100465252057;0.171625303651
772.6645;0.8295;2.07375e-05;0.0105134471578;0.00300261782898;0.00361979244;0.000100290536613;0.172486187973
773.4894;0.8272;2.068e-05;0.0105643443251;0.00301856877363;0.00364914020023;0.000100115011037;0.173354247606
774.312;0.8249;2.06225e-05;0.0106156394042;0.00303465389956;0.00367881427998;9.99386771973e-05;0.174229262868
775.1327;0.8228;2.057e-05;0.0106673448684;0.00305162079698;0.00370882449803;9.97858021434e-05;0.175110328405
775.9513;0.8207;2.05175e-05;0.0107194349017;0.00306872660371;0.00373915755295;9.96321963128e-05;0.175998124389
776.768;0.8187;2.04675e-05;0.0107719097271;0.00308634825062;0.00376981586738;9.94900183917e-05;0.176892093526
777.5831;0.8169;2.04225e-05;0.0108247763824;0.0031048783281;0.00380080588579;9.93714882947e-05;0.177791781051
778.3964;0.8151;2.03775e-05;0.0108780103725;0.00312355681518;0.00383211485116;9.92523419455e-05;0.1786979064
779.2079;0.8133;2.03325e-05;0.0109315999753;0.00314237797596;0.00386373782856;9.91325804402e-05;0.179610277129
780.018;0.8117;2.02925e-05;0.0109855593672;0.00316212802849;0.00389568563323;9.90366169088e-05;0.180527979393
780.8265;0.8101;2.02525e-05;0.011039865141;0.00318202897291;0.00392794589916;9.89401134081e-05;0.181451768622
781.6338;0.8087;2.02175e-05;0.011094532102;0.00320288048479;0.00396052984393;9.886753146e-05;0.182380728697
782.4397;0.8073;2.01825e-05;0.0111495376839;0.00322389238267;0.00399342547091;9.87944840524e-05;0.183315641334
783.2444;0.806;2.015e-05;0.0112048844136;0.00324546894664;0.00402663641022;9.87332264196e-05;0.184255961935
784.0478;0.8047;2.01175e-05;0.0112605562944;0.00326720645834;0.00406015466428;9.86715409319e-05;0.185202010249
784.8501;0.8035;2.00875e-05;0.0113165562808;0.00328951619972;0.00409398406935;9.86217069325e-05;0.186153242098
785.6514;0.8024;2.006e-05;0.0113728818046;0.0033124074179;0.00412812489768;9.85837733016e-05;0.187109608356
786.4516;0.8013;2.00325e-05;0.0114295177538;0.00333546695079;0.00416256951303;9.85454858436e-05;0.188071453044
787.2509;0.8003;2.00075e-05;0.0114864678198;0.00335911692165;0.00419732215625;9.85191599648e-05;0.189038234028
788.0494;0.7994;1.9985e-05;0.0115437303175;0.00338336741709;0.00423238355903;9.85048442739e-05;0.190009916525
788.8468;0.7984;1.996e-05;0.0116012781112;0.00340736223115;0.00426773826547;9.8477909049e-05;0.190987266562
789.6436;0.7976;1.994e-05;0.011659133952;0.00343239398632;0.00430340269097;9.84753598688e-05;0.191968825941
790.4394;0.7967;1.99175e-05;0.011717265692;0.00345716642335;0.00433935788045;9.8460203747e-05;0.192955901493
791.2345;0.7959;1.98975e-05;0.0117756835418;0.00348254978751;0.00437561224715;9.84571432242e-05;0.193947427988
792.0288;0.7951;1.98775e-05;0.01183437417;0.00350810748236;0.00441215882575;9.84538394098e-05;0.194943802553
792.8225;0.7944;1.986e-05;0.0118933427495;0.00353428770879;0.00444900265456;9.84626917664e-05;0.195944482887
793.6153;0.7936;1.984e-05;0.0119525635875;0.00356019168141;0.00448612863081;9.84589260407e-05;0.196950300864
794.4075;0.7929;1.98225e-05;0.0120120474997;0.00358671924269;0.00452354551985;9.84673409044e-05;0.197960172585
795.199;0.7922;1.9805e-05;0.012071782097;0.00361341963675;0.00456124670128;9.8475549311e-05;0.198974524984
795.99;0.7916;1.979e-05;0.0121317733465;0.0036407565199;0.00459923764515;9.84959986825e-05;0.199992814223
796.7802;0.7909;1.97725e-05;0.0121919965088;0.00366780151695;0.00463750349849;9.85038186863e-05;0.201015917149
797.5697;0.7902;1.9755e-05;0.0122524501644;0.00369501069837;0.00467604492327;9.85114327385e-05;0.20204316856
798.3587;0.7896;1.974e-05;0.0123131408075;0.00372285949806;0.00471486765205;9.85313242107e-05;0.203074022036
799.1471;0.789;1.9725e-05;0.0123740572446;0.00375087880972;0.0047539655383;9.85510460079e-05;0.204108942796
799.9349;0.7884;1.971e-05;0.0124351935671;0.00377906612721;0.00479333603147;9.85705982718e-05;0.205147833691
800.7221;0.7878;1.9695e-05;0.0124965440553;0.0038074190087;0.00483297665486;9.85899811424e-05;0.206190600699
801.5085;0.7871;1.96775e-05;0.0125580902764;0.00383544096234;0.00487287633381;9.85966636637e-05;0.207237609267
802.2944;0.7865;1.96625e-05;0.0126198446497;0.00386410975113;0.00491304482025;9.86156842217e-05;0.2082877266
803.0799;0.786;1.965e-05;0.0126818100264;0.00389343932052;0.00495348514061;9.8647090823e-05;0.209340991872
803.8647;0.7854;1.9635e-05;0.0127439637995;0.00392243136431;0.00499418304598;9.86657974904e-05;0.210398386315
804.6489;0.7848;1.962e-05;0.0128063061295;0.00395157784792;0.00503513996932;9.86843354378e-05;0.211459236362
805.4325;0.7842;1.9605e-05;0.0128688325201;0.00398087678709;0.00507635397486;9.87027047947e-05;0.212523468322
806.2155;0.7836;1.959e-05;0.0129315386937;0.00401032628595;0.00511782323372;9.87209056891e-05;0.21359101215
806.9979;0.783;1.9575e-05;0.0129944205949;0.00403992454067;0.00515954602895;9.8738938247e-05;0.21466180152
807.7799;0.7825;1.95625e-05;0.0130574873058;0.00407019697784;0.00520152968415;9.87694293174e-05;0.21573528571
808.5612;0.7819;1.95475e-05;0.0131207177036;0.00410009630019;0.00524376045555;9.87871494657e-05;0.216812519114
809.3419;0.7813;1.95325e-05;0.0131841131232;0.00413013964594;0.00528624042741;9.88047016374e-05;0.217892823585
810.122;0.7807;1.95175e-05;0.0132476704407;0.00416032561624;0.00532896838253;9.8822085952e-05;0.218976148413
810.9017;0.7802;1.9505e-05;0.0133113996898;0.0041911971776;0.0053719522912;9.88519770004e-05;0.220061942259
811.6807;0.7796;1.949e-05;0.0133752808176;0.0042216734304;0.00541517884865;9.88690498235e-05;0.221151310733
812.4591;0.779;1.9475e-05;0.013439316043;0.00425228888652;0.00545865068873;9.88859551305e-05;0.222243573929
813.2371;0.7785;1.94625e-05;0.0135035161666;0.00428359997346;0.00550237633071;9.8915403291e-05;0.223338180735
814.0144;0.7779;1.94475e-05;0.0135678619908;0.00431450011361;0.00554634286362;9.89319977588e-05;0.224436276643
814.7911;0.7773;1.94325e-05;0.0136323564613;0.00434553716144;0.00559055340465;9.89484250378e-05;0.225537181293
815.5672;0.7767;1.94175e-05;0.0136969982863;0.00437671059642;0.00563500784913;9.89646852371e-05;0.226640874906
816.3429;0.7762;1.9405e-05;0.0137617993785;0.00440859520986;0.00567971554993;9.89935363949e-05;0.227746807919
817.1179;0.7756;1.939e-05;0.0138267417737;0.00444004957416;0.00572466422662;9.90094865887e-05;0.228856181337
817.8923;0.775;1.9375e-05;0.0138918294912;0.00447163975936;0.00576985775402;9.90252700125e-05;0.229968315707
818.6661;0.7744;1.936e-05;0.013957062442;0.0045033658702;0.00581529683651;9.90408867698e-05;0.231083211686
819.4393;0.7738;1.9345e-05;0.0140224408595;0.00453522818438;0.00586098240422;9.90563369625e-05;0.232200875427
820.2119;0.7732;1.933e-05;0.0140879653087;0.00456722715974;0.00590691562304;9.90716206912e-05;0.233321318742
820.9839;0.7726;1.9315e-05;0.014153636696;0.00459936344146;0.00595309790508;9.90867380553e-05;0.234444559268
821.7553;0.772;1.93e-05;0.0142194562781;0.00463163786952;0.00599953091907;9.91016891524e-05;0.235570620638
822.5261;0.7714;1.9285e-05;0.014285425672;0.00466405148607;0.00604621660108;9.91164740792e-05;0.23669953265
823.2963;0.7708;1.927e-05;0.014351546864;0.00469660554297;0.00609315716525;9.91310929307e-05;0.237831331433
824.0659;0.7702;1.9255e-05;0.0144178222194;0.00472930150923;0.00614035511456;9.91455458008e-05;0.238966059616
824.8349;0.7696;1.924e-05;0.0144842544915;0.00476214107854;0.00618781325175;9.91598327819e-05;0.240103766492
825.6031;0.7689;1.92225e-05;0.0145508339096;0.00479449520264;0.0062355250392;9.91610532859e-05;0.241245096952
826.3708;0.7683;1.92075e-05;0.0146175809974;0.00482761826832;0.00628350679203;9.91749850017e-05;0.242388789805
827.1379;0.7677;1.91925e-05;0.0146844955942;0.00486089134354;0.00633175894691;9.91887511072e-05;0.243535649328
827.9042;0.767;1.9175e-05;0.0147515691734;0.00489367159023;0.00638027586731;9.91894153958e-05;0.24468635596
828.67;0.7664;1.916e-05;0.0148188234501;0.00492724305897;0.00642907497256;9.92028268027e-05;0.24583964081
829.435;0.7657;1.91425e-05;0.0148862467195;0.00496031790368;0.00647814797399;9.92031128478e-05;0.246996958493
830.1995;0.7651;1.91275e-05;0.0149538615342;0.00499420025963;0.00652751308278;9.92161699283e-05;0.248157035499
830.9632;0.7644;1.911e-05;0.0150216571592;0.00502758319325;0.00657716273318;9.92160781119e-05;0.249321362445
831.7264;0.7638;1.9095e-05;0.0150896570233;0.00506179118359;0.00662711597747;9.92287812284e-05;0.250488661681
832.4888;0.7631;1.90775e-05;0.0151578514092;0.00509549801724;0.00667736602967;9.9228311923e-05;0.251660460914
833.2507;0.7625;1.90625e-05;0.0152262646664;0.00513004878915;0.00672793283823;9.92406614279e-05;0.252835478928
834.012;0.7619;1.90475e-05;0.0152949010771;0.00516478331569;0.00677882046947;9.92528461001e-05;0.254014640083
834.7725;0.7612;1.903e-05;0.0153637564062;0.00519901630465;0.00683002667453;9.92518230757e-05;0.255198743108
835.5325;0.7606;1.9015e-05;0.0154328564903;0.005234124325;0.0068815728701;9.92636546373e-05;0.256386502882
836.2917;0.7599;1.89975e-05;0.0155021944301;0.0052687320963;0.00693345452862;9.92622550013e-05;0.257579545809
837.0504;0.7593;1.89825e-05;0.0155717971418;0.00530423756355;0.00698569414402;9.92737337817e-05;0.258776585414
837.8083;0.7586;1.8965e-05;0.0156416590001;0.00533924546584;0.0070382882492;9.92719578738e-05;0.259979290655
838.5657;0.758;1.895e-05;0.0157118080937;0.00537517546967;0.00709126051408;9.92830841935e-05;0.261186375071
839.3225;0.7574;1.8935e-05;0.0157822531149;0.00541133434651;0.00714461888898;9.92940462186e-05;0.262398875147
840.0787;0.7568;1.892e-05;0.0158530070913;0.00544773029817;0.00719837512971;9.93048440178e-05;0.263617018632
840.8343;0.7562;1.8905e-05;0.0159240837942;0.00548437202275;0.00725254168573;9.93154776587e-05;0.264841046289
841.5891;0.7555;1.88875e-05;0.0159954848487;0.0055205302177;0.0073071214;9.93127979094e-05;0.266071905786
842.3434;0.7549;1.88725e-05;0.0160672418374;0.0055576805898;0.00736214146218;9.93230798218e-05;0.267308319357
843.0971;0.7543;1.88575e-05;0.0161393676088;0.00559510595184;0.00741761361771;9.93331977814e-05;0.268551422412
843.8502;0.7537;1.88425e-05;0.0162118793506;0.00563281729627;0.00747355353094;9.93431518518e-05;0.269801515537
844.6027;0.7531;1.88275e-05;0.0162847952418;0.00567082628566;0.00752997780594;9.93529420955e-05;0.271058916701
845.3548;0.7526;1.8815e-05;0.0163581474508;0.00570991189945;0.00758691456211;9.93757768473e-05;0.272323241918
846.1062;0.752;1.88e-05;0.0164319404369;0.00574856568284;0.0076443692591;9.93852632028e-05;0.273596453911
846.857;0.7514;1.8785e-05;0.0165061989144;0.00578755677685;0.00770236462184;9.93945859045e-05;0.274878047133
847.6072;0.7508;1.877e-05;0.0165809457547;0.00582690003197;0.00776092172613;9.9403745011e-05;0.276168421839
848.357;0.7503;1.87575e-05;0.0166562181502;0.00586740124288;0.00782007362772;9.94259959877e-05;0.277467259397
849.1061;0.7497;1.87425e-05;0.0167320262351;0.00590750929096;0.00787983098701;9.94348516372e-05;0.278776667521
849.8546;0.7491;1.87275e-05;0.0168084002519;0.00594802023745;0.00794022191624;9.9443543853e-05;0.280096215026
850.6027;0.7486;1.8715e-05;0.0168853822437;0.0059897613789;0.00800128423577;9.94653634229e-05;0.281425650707
851.3501;0.748;1.87e-05;0.0169629878345;0.00603114921403;0.0080630337086;9.94737524817e-05;0.282767213956
852.0971;0.7475;1.86875e-05;0.0170412526603;0.00607381439644;0.00812550420929;9.94952925322e-05;0.28411955493
852.8434;0.7469;1.86725e-05;0.0171201719782;0.0061161367966;0.0081886956709;9.95033786203e-05;0.285484587733
853.5893;0.7464;1.866e-05;0.0171997755165;0.00615976878136;0.00825263770278;9.95246393255e-05;0.28686083706
854.3345;0.7458;1.8645e-05;0.0172800536422;0.00620306210743;0.008317326505;9.95324226222e-05;0.288250158244
855.0793;0.7453;1.86325e-05;0.0173610317214;0.00624769229919;0.00838278854044;9.95534041494e-05;0.28965097632
855.8234;0.7447;1.86175e-05;0.017442685994;0.00629197674618;0.00844900865607;9.95608848268e-05;0.29106492893
856.5671;0.7442;1.8605e-05;0.0175250160464;0.00633760164201;0.00851599253159;9.95815873364e-05;0.292489971061
857.3101;0.7436;1.859e-05;0.0176079881334;0.00638285165294;0.00858371658545;9.95887655601e-05;0.293927593822
858.0527;0.7431;1.85775e-05;0.017691592484;0.00642943393733;0.00865217862646;9.96091892057e-05;0.295375563868
858.7948;0.7426;1.8565e-05;0.0177758004811;0.00647648144185;0.00872135933457;9.96294852291e-05;0.296834432085
859.5362;0.742;1.855e-05;0.0178605677606;0.00652308975981;0.00879122609138;9.96362218183e-05;0.298304504073
860.2772;0.7415;1.85375e-05;0.017945862695;0.00657099352577;0.00886175795789;9.96562391903e-05;0.299783126865
861.0177;0.741;1.8525e-05;0.0180316484972;0.0066192995021;0.0089329278031;9.96761290372e-05;0.301270728527
861.7577;0.7405;1.85125e-05;0.0181178759899;0.00666797909709;0.00900469830802;9.96958913884e-05;0.302766467539
862.497;0.7399;1.84975e-05;0.0182044945045;0.00671609437588;0.00907702983631;9.97020474531e-05;0.304270565382
863.2359;0.7394;1.8485e-05;0.0182914668751;0.00676543249226;0.00914989517482;9.97215314106e-05;0.305780213788
863.9743;0.7389;1.84725e-05;0.0183787397307;0.00681506048536;0.00922325143505;9.97408879602e-05;0.307295578385
864.7122;0.7384;1.846e-05;0.0184662625286;0.00686494768573;0.00929705807927;9.97601171282e-05;0.308815789937
865.4494;0.7378;1.8445e-05;0.0185539710973;0.00691411703241;0.00937126190351;9.97656931727e-05;0.310340861023
866.1862;0.7373;1.84325e-05;0.0186418301567;0.00696441433095;0.00944583525153;9.97846441803e-05;0.311867953873
866.9225;0.7368;1.842e-05;0.0187297890103;0.00701487772983;0.00952073524679;9.98034678852e-05;0.313397304823
867.6583;0.7363;1.84075e-05;0.018817787219;0.00706546903322;0.00959591067937;9.98221643108e-05;0.314927868662
868.3934;0.7357;1.83925e-05;0.0189057658887;0.00711518307615;0.00967131042021;9.98271607916e-05;0.316459774169
869.1281;0.7352;1.838e-05;0.0189936821241;0.00716591956854;0.00974689821619;9.98455792665e-05;0.317989988033
869.8623;0.7347;1.83675e-05;0.0190814798305;0.00721668200497;0.00982262420712;9.98638705325e-05;0.319518677758
870.596;0.7342;1.8355e-05;0.0191691077076;0.00726743659935;0.00989844265779;9.988203461e-05;0.321044951666
871.3292;0.7337;1.83425e-05;0.0192565159143;0.00731815018347;0.00997430855046;9.99000715192e-05;0.322567942261
872.0617;0.7331;1.83275e-05;0.0193436455446;0.00736777803375;0.0100501678267;9.99043499773e-05;0.324087809535
872.7938;0.7326;1.8315e-05;0.0194304659187;0.00741830196356;0.0101259923063;9.99221091637e-05;0.325601651896
873.5254;0.7321;1.83025e-05;0.019516922061;0.00746868680542;0.0102017303721;9.99397412417e-05;0.327109687969
874.2565;0.7316;1.829e-05;0.0196029759163;0.00751890584421;0.0102773453311;9.99572462285e-05;0.328611250755
874.9871;0.7311;1.82775e-05;0.0196885798133;0.00756892595385;0.0103527916206;9.99746241408e-05;0.330105505216
875.7172;0.7306;1.8265e-05;0.0197737018928;0.00761872397935;0.0104280372014;9.99918749946e-05;0.331591890304
876.4466;0.73;1.825e-05;0.0198582873885;0.00766721099423;0.0105030287592;9.99952972202e-05;0.33307067656
877.1756;0.7295;1.82375e-05;0.0199423113241;0.00771646196131;0.0105777408654;0.000100012270579;0.334538966757
877.9041;0.729;1.8225e-05;0.0200257376605;0.00776540722162;0.0106521361065;0.000100029116927;0.335997348204
878.6321;0.7285;1.82125e-05;0.0201085337169;0.00781402240575;0.0107261803785;0.000100045836279;0.337445242557
879.3596;0.728;1.82e-05;0.0201906712318;0.00786228589515;0.0107998432626;0.000100062428646;0.338882147805
880.0866;0.7275;1.81875e-05;0.0202721235552;0.00791017701806;0.0108730955575;0.000100078894043;0.340307589465
880.8131;0.727;1.8175e-05;0.0203528549466;0.00795766903974;0.010945899642;0.000100095232479;0.341720934101
881.5391;0.7265;1.81625e-05;0.0204328458722;0.00800474574872;0.0110182322763;0.000100111443967;0.343121830165
882.2646;0.726;1.815e-05;0.0205120671826;0.00805138454866;0.0110900613618;0.000100127528516;0.344509758075
882.9896;0.7255;1.81375e-05;0.0205904925171;0.00809756459249;0.0111613571227;0.000100143486137;0.345884246377
883.7141;0.725;1.8125e-05;0.0206681002234;0.00814326807604;0.011232093898;0.00010015931684;0.347244905331
884.4381;0.7245;1.81125e-05;0.0207448708543;0.00818847861313;0.0113022479132;0.000100175020632;0.348591383348
885.1616;0.724;1.81e-05;0.0208207893313;0.00823318268979;0.0113717992953;0.000100190597522;0.349923404826
885.8846;0.7235;1.80875e-05;0.0208958422398;0.00827736789492;0.0114407296405;0.000100206047517;0.351240723037
886.6071;0.723;1.8075e-05;0.0209700070329;0.00832101573701;0.0115090120844;0.000100221370626;0.352542931541
887.3291;0.7225;1.80625e-05;0.0210432772062;0.00836411840256;0.0115766344672;0.000100236566854;0.353829903941
888.0506;0.722;1.805e-05;0.0211156365112;0.00840666160499;0.0116435756302;0.000100251636207;0.35510134349
888.7718;0.7216;1.804e-05;0.0211870973525;0.0084498217455;0.011709841665;0.000100280479127;0.356356104071
889.4924;0.7211;1.80275e-05;0.0212576326576;0.00849124094913;0.0117754000127;0.000100295318125;0.357596393611
890.2125;0.7206;1.8015e-05;0.0213272367756;0.00853207698262;0.0118402400536;0.000100310030259;0.358820756833
890.9321;0.7201;1.80025e-05;0.0213959051171;0.00857232351674;0.0119043515022;0.000100324615533;0.360029100723
891.6512;0.7196;1.799e-05;0.021463634645;0.00861197532664;0.011967725579;0.000100339073951;0.361221359492
892.37;0.7192;1.798e-05;0.0215304259608;0.00865223326388;0.0120303577084;0.000100367364371;0.362396149209
893.0882;0.7187;1.79675e-05;0.0215962655925;0.00869068426679;0.0120922280044;0.000100381592451;0.363555979309
893.8059;0.7182;1.7955e-05;0.0216611506543;0.00872852067699;0.0121533287065;0.000100395693678;0.364699411089
894.5231;0.7177;1.79425e-05;0.0217250899364;0.00876574552814;0.012213662433;0.000100409668052;0.36582658626
895.24;0.7173;1.79325e-05;0.0217880946174;0.00880359143561;0.0122732349583;0.00010043752115;0.366936282717
895.9563;0.7168;1.792e-05;0.0218501474523;0.00883959413281;0.0123320230647;0.000100451265182;0.368030992527
896.6721;0.7163;1.79075e-05;0.0219112565135;0.00887497831487;0.0123900297569;0.000100464882359;0.369109445322
897.3876;0.7159;1.78975e-05;0.0219714399237;0.0089109989959;0.0124472677691;0.000100492413284;0.370170524156
898.1025;0.7154;1.7885e-05;0.0220306883834;0.00894516247404;0.0125037216579;0.000100505800104;0.371216895497
898.8169;0.7149;1.78725e-05;0.0220890157626;0.00897871532761;0.0125594003743;0.000100519060061;0.372247373984
899.531;0.7145;1.78625e-05;0.0221464341283;0.00901292545091;0.0126143113379;0.000100546268781;0.373260720778
900.2445;0.714;1.785e-05;0.0222029395331;0.00904526937748;0.0126684445063;0.000100559298357;0.374259730107
900.9577;0.7136;1.784e-05;0.0222585534234;0.00907828883586;0.0127218173148;0.00010058630003;0.375241883336
901.6703;0.7131;1.78275e-05;0.0223132517761;0.00910942508567;0.012774400625;0.000100599099203;0.376209644005
902.3826;0.7127;1.78175e-05;0.0223670627755;0.00914124599318;0.0128262185957;0.000100625893804;0.377160591109
903.0943;0.7122;1.7805e-05;0.0224199678792;0.00917117564547;0.0128772474663;0.000100638462548;0.378097305442
903.8057;0.7118;1.7795e-05;0.0224720008065;0.0092018066374;0.0129275170517;0.000100665050048;0.379017443329
904.5165;0.7113;1.77825e-05;0.0225231473781;0.00923054576923;0.0129770079702;0.000100677388334;0.379923682763
905.227;0.7109;1.77725e-05;0.0225734327526;0.00926000005104;0.013025742089;0.000100703768699;0.380813510381
905.9369;0.7104;1.776e-05;0.0226228478381;0.00928756010957;0.0130737051092;0.000100715876495;0.381689713501
906.6465;0.71;1.775e-05;0.0226714227122;0.00931585602973;0.0131209239855;0.000100742049688;0.382549846567
907.3555;0.7095;1.77375e-05;0.0227191394083;0.00934225324838;0.0131673759667;0.000100753926957;0.383396560195
908.0642;0.7091;1.77275e-05;0.0227660335868;0.00936940477215;0.0132130937416;0.000100779892938;0.38422748892
908.7723;0.7086;1.7715e-05;0.0228120916864;0.00939466061445;0.01325805901;0.000100791539642;0.38504537957
909.4801;0.7082;1.7705e-05;0.0228573411213;0.00942068654075;0.0133022967252;0.000100817298369;0.385847704135
910.1873;0.7077;1.76925e-05;0.0229017733679;0.00944481817268;0.0133457936593;0.000100828714464;0.386637316209
910.8942;0.7073;1.76825e-05;0.0229454206703;0.00946974248415;0.0133885797881;0.00010085426589;0.387411755882
911.6007;0.7069;1.76725e-05;0.0229882914098;0.00949413318364;0.0134306594761;0.000100879725313;0.388172671479
912.3066;0.7064;1.766e-05;0.0230303884283;0.00951664321341;0.0134720317291;0.000100890807075;0.388921630785
913.0122;0.706;1.765e-05;0.023071737759;0.00953998094372;0.0135127208835;0.00010091605912;0.389656040283
913.7174;0.7056;1.764e-05;0.0231123523735;0.00956281063291;0.0135527361578;0.000100941219121;0.390377642591
914.422;0.7051;1.76275e-05;0.0231522287177;0.00958376895312;0.0135920705618;0.000100951966432;0.391087905367
915.1263;0.7047;1.76175e-05;0.0231913877442;0.00960558515756;0.0136307438024;0.000100976918971;0.391784122402
915.8302;0.7043;1.76075e-05;0.0232298370914;0.00962690775066;0.0136687601174;0.000101001779423;0.392467955052
916.5335;0.7038;1.7595e-05;0.0232675690754;0.00964635926062;0.0137061086397;0.000101012192153;0.393140809906
917.2365;0.7034;1.7585e-05;0.0233046243693;0.00966670587043;0.0137428289315;0.000101036845053;0.393800306304
917.9391;0.703;1.7575e-05;0.0233410043001;0.00968658023708;0.0137789192562;0.000101061405817;0.394448006433
918.6413;0.7026;1.7565e-05;0.023376719393;0.00970598892832;0.0138143878854;0.000101085874427;0.395084090668
919.3429;0.7021;1.75525e-05;0.0234117704181;0.00972354623808;0.0138492326422;0.000101095848609;0.395710129504
920.0442;0.7017;1.75425e-05;0.0234461931817;0.0097420440706;0.013883488771;0.000101120109536;0.396323628987
920.7451;0.7013;1.75325e-05;0.0234799841736;0.00976009731054;0.0139171500222;0.000101144278259;0.396926081071
921.4456;0.7009;1.75225e-05;0.0235131624503;0.00977771866887;0.0139502335124;0.000101168354759;0.397517817406
922.1455;0.7004;1.751e-05;0.0235457236825;0.00979350568508;0.0139827322745;0.000101177890119;0.39810033239
922.8451;0.7;1.75e-05;0.0235777121884;0.00981028335223;0.0140146905032;0.000101201758794;0.398671256629
923.5443;0.6996;1.749e-05;0.0236091309724;0.00982665767611;0.0140461087423;0.000101225535189;0.399232211161
924.2431;0.6992;1.748e-05;0.023639992688;0.00984263705513;0.0140769980766;0.000101249219286;0.399783415463
924.9413;0.6987;1.74675e-05;0.0236702997517;0.00985681142452;0.0141073585581;0.000101258315532;0.400326495981
925.6392;0.6983;1.74575e-05;0.0237000796022;0.00987201927055;0.0141372179157;0.00010128179165;0.4008587614
926.3367;0.6979;1.74475e-05;0.0237293303358;0.00988685060098;0.0141665720031;0.000101305175409;0.401381759167
927.0338;0.6975;1.74375e-05;0.0237580624732;0.00990131244104;0.014195430023;0.000101328466789;0.401895671682
927.7305;0.6971;1.74275e-05;0.0237862874682;0.0099154124973;0.0142238021766;0.000101351665769;0.402400697966
928.4268;0.6967;1.74175e-05;0.0238140074541;0.00992915196688;0.0142516893453;0.000101374772328;0.402896872494
929.1227;0.6963;1.74075e-05;0.0238412388547;0.00994254209033;0.0142791068366;0.000101397786443;0.403384482347
929.818;0.6958;1.7395e-05;0.0238679750741;0.00995414678383;0.014306045967;0.000101406130955;0.40386501518
930.513;0.6954;1.7385e-05;0.0238942628944;0.00996685838587;0.0143325544807;0.000101501452441;0.404336083018
931.2076;0.695;1.7375e-05;0.0239201088942;0.0099792528002;0.0143586371226;0.000101717450435;0.404799404051
931.9018;0.6946;1.7365e-05;0.0239455267076;0.00999133940634;0.0143843066604;0.000101990222842;0.405255216707
932.5956;0.6942;1.7355e-05;0.0239705322818;0.0100031292272;0.0144095782587;0.000102303674222;0.405703800461
933.2888;0.6937;1.73425e-05;0.0239951291386;0.0100131805357;0.0144344537057;0.000102634945317;0.406146835177
933.9817;0.6933;1.73325e-05;0.024019347077;0.0100243997538;0.0144589640182;0.000103008482749;0.406581608035
934.674;0.6928;1.732e-05;0.0240431742346;0.0100338879628;0.0144830946345;0.000103391184388;0.407011149372
935.3658;0.6923;1.73075e-05;0.0240666330495;0.0100431049591;0.0145068683505;0.000103795170286;0.407434233854
936.0571;0.6918;1.7295e-05;0.0240897275334;0.0100520535673;0.0145302884754;0.000104218399468;0.407850930327
936.7479;0.6913;1.72825e-05;0.0241124764119;0.0100607469483;0.0145533732798;0.000104659226321;0.408261568028
937.4382;0.6908;1.727e-05;0.0241348891448;0.0100691917657;0.0145761316817;0.00010511628958;0.408666312394
938.1278;0.6902;1.7255e-05;0.0241569644083;0.0100759266619;0.0145985607968;0.000105573141162;0.409066774339
938.8168;0.6896;1.724e-05;0.0241787278647;0.0100824257182;0.0146206869464;0.00010604384855;0.409461774355
939.5052;0.689;1.7225e-05;0.0242001965531;0.0100887010179;0.0146425268765;0.000106527542365;0.409851612257
940.193;0.6884;1.721e-05;0.0242213907492;0.0100947669082;0.0146641006801;0.000107023457498;0.4102366453
940.8802;0.6878;1.7195e-05;0.0242423215551;0.010100631298;0.0146854191596;0.000107530914067;0.410617068499
941.5666;0.6871;1.71775e-05;0.024262989063;0.0101048231238;0.0147064810418;0.000108033576745;0.410994528911
942.2525;0.6865;1.71625e-05;0.024283433802;0.010110311332;0.0147273289613;0.000108562165663;0.411366451043
942.9376;0.6858;1.7145e-05;0.0243036505848;0.0101141478526;0.0147479554572;0.000109084723598;0.411736037632
943.6218;0.685;1.7125e-05;0.0243236465683;0.0101163316899;0.0147683674305;0.000109600418395;0.412103420257
944.3054;0.6843;1.71075e-05;0.0243434693661;0.0101198491932;0.0147886149251;0.000110140637418;0.412466137051
944.9883;0.6836;1.709e-05;0.024363122955;0.0101232278813;0.0148087008211;0.000110689170406;0.412825908504
945.6703;0.6828;1.707e-05;0.0243826107354;0.0101249867995;0.0148286274157;0.000111229359074;0.413184452913
946.3515;0.682;1.705e-05;0.0244019631856;0.0101266268818;0.0148484265128;0.000111776858258;0.413540654362
947.0319;0.6812;1.703e-05;0.0244211914202;0.010128156032;0.0148681092659;0.000112331343635;0.413894709041
947.7113;0.6803;1.70075e-05;0.0244402957109;0.0101280852007;0.0148876748504;0.000112875916565;0.414248285896
948.39;0.6795;1.69875e-05;0.0244593170524;0.010129419893;0.0149071668772;0.000113443275436;0.414598783146
949.0677;0.6786;1.6965e-05;0.0244782502465;0.01012917589;0.0149265780872;0.00011399995791;0.414949439777
949.7445;0.6777;1.69425e-05;0.0244971163341;0.0101288573192;0.0149459308237;0.000114562196842;0.415298963492
950.4204;0.6768;1.692e-05;0.0245159395349;0.0101284810978;0.0149652498489;0.000115129746542;0.415647783394
951.0954;0.6759;1.68975e-05;0.0245347349025;0.0101280577231;0.0149845505594;0.00011570237412;0.41599616622
951.7693;0.6749;1.68725e-05;0.0245534966006;0.0101260821726;0.0150038260077;0.000116262628833;0.416345684662
952.4422;0.6739;1.68475e-05;0.0245722567951;0.0101240739113;0.0150231101221;0.000116827201269;0.416695236605
953.1141;0.6729;1.68225e-05;0.0245910281776;0.0101220417;0.0150424159607;0.000117395885093;0.417045047246
953.785;0.6719;1.67975e-05;0.0246098256111;0.0101199957681;0.0150617588452;0.000117968483197;0.417395380419
954.4549;0.6709;1.67725e-05;0.0246286674253;0.0101179487021;0.0150811577017;0.000118544806936;0.417746561611
955.1236;0.6698;1.6745e-05;0.0246475506872;0.0101143876888;0.0151006086725;0.00011910689009;0.418100225031
955.7914;0.6688;1.672e-05;0.0246665119278;0.0101123571969;0.0151201513111;0.000119689901561;0.418453649491
956.458;0.6677;1.66925e-05;0.0246855434846;0.0101088284522;0.0151397760255;0.000120258100387;0.418810073337
957.1235;0.6666;1.6665e-05;0.0247046740671;0.0101053316846;0.0151595134783;0.000120828992163;0.419168320905
957.7879;0.6655;1.66375e-05;0.0247239135679;0.0101018734316;0.0151793740521;0.000121402415743;0.419528568592
958.4512;0.6644;1.661e-05;0.024743275989;0.0100984630226;0.0151993724;0.00012197821456;0.419891065873
959.1132;0.6632;1.658e-05;0.0247627638569;0.0100935793156;0.0152195104277;0.000122537756339;0.420257556238
959.774;0.662;1.655e-05;0.0247823960518;0.0100887534202;0.0152398087919;0.000123099015873;0.420626682318
960.4338;0.6609;1.65225e-05;0.0248022072315;0.0100855352667;0.0152603045343;0.000123680558427;0.420997359253
961.0923;0.6597;1.64925e-05;0.0248221865579;0.0100808657419;0.0152809849052;0.000124245039892;0.421372797277
961.7496;0.6585;1.64625e-05;0.0248423507205;0.0100762803455;0.0153018684063;0.000124810789856;0.421751594576
962.4057;0.6573;1.64325e-05;0.0248627190322;0.0100717917228;0.0153229753885;0.000125377657921;0.422134095867
963.0604;0.656;1.64e-05;0.0248832895322;0.010065862936;0.0153443032562;0.00012592629288;0.422521977949
963.714;0.6548;1.637e-05;0.0249040993736;0.0100615865934;0.0153658927817;0.000126494692525;0.422912484975
964.3662;0.6535;1.63375e-05;0.0249251413051;0.0100558848363;0.0153877350211;0.000127044296686;0.423308912208
965.0171;0.6522;1.6305e-05;0.0249464348628;0.0100503052286;0.0154098516231;0.000127594012498;0.423709898937
965.6669;0.651;1.6275e-05;0.0249680043437;0.0100464072799;0.0154322692472;0.00012816335184;0.424114160661
966.3153;0.6497;1.62425e-05;0.024989840662;0.0100410986233;0.0154549771023;0.00012871299534;0.424524973338
966.9624;0.6484;1.621e-05;0.0250119704112;0.010035937994;0.015478004309;0.000129262186716;0.424941095831
967.608;0.647;1.6175e-05;0.0250343887042;0.0100293704776;0.0155013454059;0.000129790649955;0.425364169261
968.2524;0.6457;1.61425e-05;0.0250571313161;0.0100245183993;0.0155250401104;0.000130338032407;0.425791383938
968.8955;0.6444;1.611e-05;0.0250802014806;0.0100198345658;0.015549091505;0.000130884274859;0.42622452351
969.5371;0.643;1.6075e-05;0.0251035922997;0.0100137554241;0.0155734921059;0.000131408673292;0.426665200744
970.1775;0.6417;1.60425e-05;0.0251273376018;0.0100094161261;0.0155982797664;0.000131951569302;0.42711055775
970.8164;0.6403;1.60075e-05;0.0251514256663;0.0100036893305;0.0156234410908;0.000132471775877;0.42756385694
971.4539;0.6389;1.59725e-05;0.0251758714049;0.00999814183413;0.0156489933231;0.000132989275017;0.428023634315
972.0902;0.6376;1.594e-05;0.025200695196;0.00999435416994;0.0156749594886;0.000133524655774;0.428488513432
972.725;0.6362;1.5905e-05;0.0252258842634;0.00998918305064;0.0157013251346;0.000134035902664;0.428961753165
973.3584;0.6348;1.587e-05;0.0252514523333;0.00998420192987;0.0157281063798;0.000134543303012;0.429441861329
973.9904;0.6334;1.5835e-05;0.0252774053765;0.00997941355771;0.0157553103216;0.000135046428474;0.42992894795
974.621;0.632;1.58e-05;0.0253037528631;0.00997482298529;0.0157829477615;0.000135544827377;0.430423185544
975.25;0.6305;1.57625e-05;0.0253304841172;0.00996884018441;0.0158110074297;0.000136016450556;0.430926143827
975.8777;0.6291;1.57275e-05;0.0253576271588;0.0099646430135;0.0158395215602;0.000136503703665;0.431434816519
976.504;0.6277;1.56925e-05;0.0253851806607;0.0099606504018;0.0158684887714;0.0001369847512;0.431950937492
977.1289;0.6263;1.56575e-05;0.025413146478;0.00995686227826;0.0158979119883;0.00013745906554;0.432474543906
977.7522;0.6248;1.562e-05;0.0254415153275;0.00995167785863;0.0159277814639;0.000137904032243;0.433007242075
978.3742;0.6234;1.5585e-05;0.0254703080509;0.00994829329593;0.015958122066;0.000138363004121;0.433545875346
978.9948;0.622;1.555e-05;0.0254995172709;0.00994511203597;0.0159889261029;0.000138813600905;0.434092081231
979.6138;0.6205;1.55125e-05;0.0255291338923;0.00994052420338;0.0160201840506;0.000139232825326;0.434647478616
980.2315;0.6191;1.54775e-05;0.0255591787716;0.00993774423507;0.0160519209095;0.000139664765748;0.435208893318
980.8476;0.6176;1.544e-05;0.0255896314066;0.00993354891044;0.0160841141685;0.000140063997322;0.435779520855
981.4624;0.6162;1.5405e-05;0.0256205185403;0.00993116916213;0.0161167951349;0.000140475111068;0.436356279867
982.0756;0.6147;1.53675e-05;0.0256518156267;0.00992736628237;0.0161499370138;0.00014085222968;0.436942306371
982.6873;0.6132;1.533e-05;0.0256835338194;0.00992375512705;0.0161835536971;0.000141217422664;0.437536020919
983.2977;0.6118;1.5295e-05;0.0257156902432;0.00992196774035;0.0162176654795;0.000141593367881;0.438135937784
983.9065;0.6103;1.52575e-05;0.0257482602825;0.00991874540903;0.0162522454679;0.00014193355723;0.438745211481
984.514;0.6089;1.52225e-05;0.0257812588679;0.00991734466477;0.0162873126372;0.000142283866639;0.439360517077
985.1199;0.6074;1.5185e-05;0.0258146682613;0.00991449748859;0.0163228473635;0.000142597398187;0.439985145614
985.7243;0.6059;1.51475e-05;0.0258484956139;0.00991183291686;0.0163588594106;0.000142896957044;0.440617429798
986.3274;0.6045;1.51125e-05;0.0258827473822;0.0099109938213;0.0163953578516;0.000143205932573;0.441255675878
986.9289;0.603;1.5075e-05;0.0259174063289;0.00990869110919;0.0164323235642;0.000143476884048;0.441903205003
987.5289;0.6015;1.50375e-05;0.0259524796669;0.00990656451159;0.0164697664366;0.000143733067577;0.442558340587
988.1276;0.6001;1.50025e-05;0.0259879740857;0.00990626827897;0.016507695849;0.000143998299484;0.443219382077
988.7247;0.5986;1.4965e-05;0.0260238637258;0.00990448553259;0.0165460834156;0.000144224638902;0.4438895182
989.3205;0.5972;1.493e-05;0.0260601701555;0.00990453538478;0.0165849554333;0.000144459974798;0.444565485661
989.9147;0.5957;1.48925e-05;0.0260968659164;0.00990308463986;0.0166242817523;0.000144656052052;0.445250459579
990.5074;0.5942;1.4855e-05;0.0261339559741;0.0099017903391;0.0166640699076;0.000144836849546;0.44594270467
991.0988;0.5928;1.482e-05;0.0261714540352;0.00990233089744;0.0167043368715;0.000145026853248;0.446640626788
991.6886;0.5913;1.47825e-05;0.0262093333642;0.00990134994625;0.0167450531816;0.000145177359283;0.447347437216
992.2771;0.5899;1.47475e-05;0.0262476125999;0.00990220423631;0.0167862421365;0.000145337383483;0.44805978138
992.864;0.5884;1.471e-05;0.026286262371;0.00990151951006;0.0168278713631;0.000145457934866;0.448780839186
993.4496;0.587;1.4675e-05;0.0263253001365;0.00990266823748;0.0168699629259;0.000145588437844;0.449507218663
994.0338;0.5856;1.464e-05;0.0263647162455;0.00990396390945;0.016912506676;0.000145704505787;0.45024060441
994.6164;0.5841;1.46025e-05;0.0264044902822;0.00990369632442;0.0169554807814;0.000145781371638;0.450982504434
995.1977;0.5827;1.45675e-05;0.026444631972;0.00990525844697;0.0169988989994;0.000145869023277;0.451729362926
995.7776;0.5813;1.45325e-05;0.0264851334301;0.00990695232964;0.0170427530185;0.000145942893165;0.452482908441
996.3559;0.5798;1.4495e-05;0.0265259756291;0.00990705558893;0.0170870224024;0.00014597805675;0.453244686578
996.9329;0.5784;1.446e-05;0.0265671693576;0.00990898805257;0.0171317220826;0.000146025005923;0.454011134691
997.5085;0.577;1.4425e-05;0.0266087011405;0.00991103529977;0.0171768376079;0.000146058988846;0.454783893574
998.0827;0.5756;1.439e-05;0.026650567169;0.00991319387728;0.0172223660133;0.000146080300445;0.455562899267
998.6555;0.5742;1.4355e-05;0.0266927588576;0.00991545735464;0.0172682991199;0.000146089244595;0.456348001891
999.2269;0.5728;1.432e-05;0.0267352635224;0.00991781676755;0.017314624245;0.000146086132151;0.45713897774
999.7969;0.5714;1.4285e-05;0.026778079401;0.00992027000695;0.0173613405792;0.000146071279114;0.457935799379
1000.3655;0.57;1.425e-05;0.0268211997454;0.00992281186104;0.0174084418615;0.000146045004955;0.458738349667
1000.9329;0.5687;1.42175e-05;0.0268646270823;0.00992718909725;0.0174559330003;0.000146033311777;0.459544759033
1001.4988;0.5673;1.41825e-05;0.026908332767;0.00992989532295;0.0175037816375;0.000145985269921;0.460358349851
1002.0633;0.5659;1.41475e-05;0.0269523192625;0.00993267257367;0.0175519925317;0.000145926766996;0.461177255838
1002.6266;0.5646;1.4115e-05;0.0269965910298;0.00993728332667;0.017600572665;0.000145883963522;0.46199962772
1003.1884;0.5632;1.408e-05;0.0270411147985;0.00994018961767;0.0176494844064;0.00014580559588;0.462828732503
1003.749;0.5619;1.40475e-05;0.0270859010035;0.00994492328894;0.0176987422832;0.000145743653503;0.463660889756
1004.3081;0.5605;1.40125e-05;0.0271309232356;0.00994793114789;0.0177483160533;0.000145646661384;0.464499508976
1004.866;0.5592;1.398e-05;0.0271761914623;0.0099527644647;0.0177982197151;0.000145566799008;0.465340881702
1005.4226;0.5579;1.39475e-05;0.0272216914369;0.00995764322292;0.0178484373955;0.000145478467427;0.466186697839
1005.9779;0.5566;1.3915e-05;0.0272674117314;0.00996255964875;0.017898957328;0.000145381953598;0.467036754584
1006.5319;0.5553;1.38825e-05;0.0273133448634;0.00996750842451;0.0179497720593;0.000145277538995;0.467890920127
1007.0846;0.554;1.385e-05;0.0273594794852;0.00997248187785;0.0180008698156;0.000145165499335;0.468748992788
1007.636;0.5527;1.38175e-05;0.0274058069786;0.00997747404086;0.0180522417964;0.000145046104354;0.469610819963
1008.1861;0.5514;1.3785e-05;0.0274523150838;0.00998247673683;0.0181038751121;0.000144919617629;0.470476183156
1008.7351;0.5502;1.3755e-05;0.0274990091721;0.00998930878653;0.018155777511;0.000144812618557;0.471343193461
1009.2827;0.5489;1.37225e-05;0.0275458635808;0.00999432671287;0.0182079189522;0.000144672787352;0.472215362138
1009.829;0.5476;1.369e-05;0.0275928749223;0.00999933882986;0.0182602973518;0.000144526613826;0.473090646954
1010.3742;0.5464;1.366e-05;0.0276400436496;0.0100061767065;0.0183129149094;0.000144400765558;0.47396705432
1010.9182;0.5452;1.363e-05;0.0276873546005;0.0100130091848;0.0183657541907;0.000144269145856;0.474846306266
1011.461;0.544;1.36e-05;0.0277348013586;0.0100198318556;0.018418808558;0.000144131973772;0.47572828892
1012.0026;0.5428;1.357e-05;0.0277823737967;0.010026638067;0.0184720671831;0.000143989461837;0.476612821191
1012.543;0.5416;1.354e-05;0.0278300585958;0.0100334192509;0.0185255156036;0.000143841815995;0.477499664062
1013.0822;0.5404;1.351e-05;0.0278778524014;0.0100401729183;0.018579150478;0.000143689235527;0.478388758598
1013.6202;0.5392;1.348e-05;0.02792574784;0.0100468941502;0.0186329639284;0.000143531912997;0.479279973062
1014.157;0.538;1.345e-05;0.0279737340604;0.0100535759378;0.0186869441223;0.000143370034192;0.480173112627
1014.6928;0.5369;1.34225e-05;0.028021810843;0.0100620924414;0.0187410922731;0.000143230457456;0.481066128178
1015.2273;0.5357;1.33925e-05;0.0280699546608;0.0100686850298;0.0187953799324;0.000143060052011;0.481962682899
1015.7608;0.5346;1.3365e-05;0.0281181774016;0.0100771153872;0.0188498230214;0.000142912339348;0.482858894688
1016.2932;0.5335;1.33375e-05;0.0281664620684;0.0100854981925;0.0189044014856;0.000142760823398;0.483756503422
1016.8245;0.5324;1.331e-05;0.0282147948647;0.0100938247992;0.0189590999233;0.000142605652258;0.484655260067
1017.3547;0.5313;1.32825e-05;0.0282631717189;0.0101020924479;0.0190139138865;0.000142446967395;0.485555091676
1017.8838;0.5302;1.3255e-05;0.0283115848977;0.0101102961832;0.0190688347476;0.000142284903675;0.486455858818
1018.4118;0.5291;1.32275e-05;0.028360023499;0.0101184291593;0.019123850235;0.000142119589409;0.48735736444
1018.9387;0.528;1.32e-05;0.0284084794394;0.0101264862473;0.019178951226;0.000141951146424;0.488259462443
1019.4647;0.527;1.3175e-05;0.0284569617273;0.0101363966168;0.0192341491779;0.000141806600438;0.489160221292
1019.9895;0.5259;1.31475e-05;0.0285054427936;0.0101443009429;0.0192894104257;0.000141632286268;0.490063326599
1020.5134;0.5249;1.31225e-05;0.0285539310909;0.0101540576443;0.0193447468933;0.000141482125761;0.490964735573
1021.0363;0.5239;1.30975e-05;0.0286024124921;0.0101637340165;0.0194001412798;0.000141329326688;0.491866287431
1021.5582;0.5229;1.30725e-05;0.0286508823052;0.0101733270482;0.0194555881588;0.000141173977868;0.492767897052
1022.0791;0.5219;1.30475e-05;0.0286993324853;0.0101828317311;0.0195110782354;0.000141016162634;0.493669418306
1022.599;0.5209;1.30225e-05;0.0287477520871;0.0101922413373;0.0195665988429;0.000140855959026;0.494570652198
1023.1181;0.52;1.3e-05;0.0287961466111;0.0102035218078;0.0196221573227;0.000140720503625;0.495469564574
1023.6361;0.519;1.2975e-05;0.028844491964;0.0102127384921;0.0196777234915;0.000140555778125;0.496369979594
1024.1533;0.5181;1.29525e-05;0.028892799865;0.0102238294488;0.0197333129681;0.000140415971928;0.49726783654
1024.6694;0.5171;1.29275e-05;0.028941040154;0.010232834216;0.0197888884472;0.000140246975592;0.498166870867
1025.1847;0.5162;1.2905e-05;0.0289892245525;0.0102437131017;0.0198444655205;0.000140103051133;0.499062999713
1025.6991;0.5153;1.28825e-05;0.0290373365892;0.0102544822246;0.0199000237234;0.000139957164037;0.499958067719
1026.2126;0.5144;1.286e-05;0.0290853695327;0.0102651374668;0.0199555549509;0.00013980936037;0.500851951593
1026.7252;0.5135;1.28375e-05;0.0291333138678;0.0102756730649;0.0200110478382;0.000139659683043;0.50174447722
1027.2371;0.5127;1.28175e-05;0.0291811764305;0.0102881002568;0.0200665111309;0.000139535389822;0.502633590149
1027.748;0.5118;1.2795e-05;0.0292289281122;0.0102983926622;0.0201219082889;0.00013938211849;0.503523109727
1028.258;0.5109;1.27725e-05;0.0292765691705;0.0103085520894;0.0201772403394;0.000139227085246;0.504410866889
1028.7673;0.5101;1.27525e-05;0.0293241047277;0.0103206053846;0.0202325139867;0.000139097593797;0.505294759289
1029.2758;0.5093;1.27325e-05;0.029371522879;0.0103325325964;0.0202877137177;0.000138966456086;0.506176752246
1029.7835;0.5085;1.27125e-05;0.0294188150957;0.0103443285959;0.0203428290971;0.000138833700321;0.507056688936
1030.2904;0.5077;1.26925e-05;0.0294659765468;0.0103559904574;0.0203978539638;0.000138699353487;0.50793447984
1030.7965;0.5069;1.26725e-05;0.0295129996564;0.010367513637;0.0204527789247;0.000138563441587;0.508809985284
1031.3018;0.5061;1.26525e-05;0.0295598794313;0.0103788951309;0.0205075975713;0.000138425989868;0.509683112598
1031.8063;0.5053;1.26325e-05;0.0296066082223;0.0103901303719;0.0205623003599;0.000138287023039;0.510553720557
1032.3102;0.5046;1.2615e-05;0.0296531897326;0.0104032838313;0.0206168922539;0.000138173950227;0.511419642469
1032.8132;0.5038;1.2595e-05;0.0296995980082;0.0104142209558;0.0206713397296;0.000138032056766;0.512284862537
1033.3156;0.5031;1.25775e-05;0.0297458493834;0.0104270814372;0.0207256637591;0.000137916135458;0.513145206564
1033.8173;0.5024;1.256e-05;0.0297919312734;0.0104397954736;0.0207798476783;0.000137798840123;0.514002675512
1034.3183;0.5017;1.25425e-05;0.0298378350643;0.010452357932;0.0208338806698;0.000137680194133;0.514857110109
1034.8186;0.501;1.2525e-05;0.029883555947;0.0104647659373;0.0208877563618;0.000137560221335;0.51570842049
1035.3182;0.5003;1.25075e-05;0.0299290915046;0.0104770180341;0.0209414711854;0.000137438946156;0.516556560444
1035.8171;0.4996;1.249e-05;0.0299744366147;0.0104891111756;0.0209950183659;0.000137316393687;0.517401434266
1036.3153;0.4989;1.24725e-05;0.0300195838057;0.0105010409364;0.021048388327;0.000137192589759;0.518242903207
1036.813;0.4983;1.24575e-05;0.0300645372305;0.010514920545;0.0211015864841;0.000137095075396;0.519078760385
1037.3099;0.4976;1.244e-05;0.0301092758444;0.010526521313;0.0211545846323;0.000136968875901;0.519913174702
1037.8063;0.497;1.2425e-05;0.030153816367;0.0105400799455;0.0212074043168;0.000136869047574;0.520741883207
1038.3021;0.4964;1.241e-05;0.0301981461348;0.0105534781399;0.0212600284848;0.000136768117523;0.521566932658
1038.7971;0.4957;1.23925e-05;0.0302422433986;0.0105645711592;0.0213124292096;0.000136638547988;0.522390224217
1039.2916;0.4951;1.23775e-05;0.0302861291113;0.0105776298494;0.0213646331032;0.00013653547669;0.523207541087
1039.7855;0.4945;1.23625e-05;0.0303297941637;0.0105905221781;0.0214166272561;0.000136431393224;0.524021010562
1040.2788;0.4939;1.23475e-05;0.0303732337873;0.010603245311;0.021468405165;0.000136326328807;0.524830542954
1040.7715;0.4933;1.23325e-05;0.0304164410774;0.010615795162;0.021519957758;0.000136220315336;0.525636009369
1041.2638;0.4928;1.232e-05;0.0304594256345;0.0106303351356;0.0215712969472;0.000136141013134;0.526435256039
1041.7554;0.4922;1.2305e-05;0.0305021660672;0.0106425422101;0.0216223937629;0.000136033223072;0.527232537964
1042.2466;0.4917;1.22925e-05;0.0305446798664;0.0106567472753;0.0216732708467;0.000135952233626;0.528023513718
1042.7371;0.4911;1.22775e-05;0.0305869407748;0.0106686040146;0.0217238933305;0.000135842799014;0.528812369176
1043.2272;0.4906;1.2265e-05;0.0306289669177;0.010682464049;0.0217742846494;0.000135760255056;0.529594754417
1043.7166;0.49;1.225e-05;0.0306707379822;0.0106939643222;0.0218244169841;0.000135649309996;0.530374984184
1044.2056;0.4895;1.22375e-05;0.0307122729214;0.0107074771053;0.0218743148219;0.000135565345415;0.531148703881
