# Hydrograph at the point with coordinates: 49.7886753832 39.0876810083
# A pixel size is [m2]:
# 1.0
# Time[s];deltaTime[s];Rainfall[m];Waterlevel[m];V_runoff[m3];Q[m3/s];V_from_field[m3];V_rests_in_stream[m3]
0.0;20.0;0.0;0.0;0.0;0.0;0.0;0.0
40.0;20.0;0.0005;0.0036220171829;0.00165577939045;8.27889695227e-05;0.0;0.0
60.0;20.0;0.0005;0.00418743548561;0.00816858064575;0.000408429032287;0.0;0.0
80.0;20.0;0.0005;0.00769285222455;0.0456790698717;0.00228395349359;0.0;0.0033171041009
100.0;20.0;0.0005;0.00833429358401;0.0522213645185;0.00261106822592;0.0;0.00432960787699
120.0;20.0;0.0005;0.0086164739906;0.055210472;0.0027605236;0.0;0.00467220176222
140.0;20.0;0.0005;0.00874651851472;0.0566105639218;0.00283052819609;0.0;0.00480923577888
160.0;20.0;0.0005;0.00880851675089;0.0572830311762;0.00286415155881;0.0;0.00486996319593
180.0;20.0;0.0005;0.0088383897822;0.0576081952717;0.00288040976359;0.0;0.00489816586641
200.0;20.0;0.0005;0.00885281404111;0.0577654676278;0.00288827338139;0.0;0.00491153759199
220.0;20.0;0.0005;0.00885978004542;0.0578414822547;0.00289207411274;0.0;0.00491793795996
240.0;20.0;0.0005;0.00886314383079;0.0578782031087;0.00289391015543;0.0;0.00492101524274
260.0;20.0;0.0005;0.00886913867858;0.0579436693714;0.00289718346857;4.82677993548e-05;0.00492647791867
280.0;20.0;0.0005;0.00890045514005;0.0582861442906;0.00291430721453;0.000217392593912;0.004954565268
300.0;20.0;0.0005;0.00899681511565;0.0593450401085;0.00296725200542;0.000357481139423;0.00503626855798
320.0;20.0;0.0005;0.00916508411372;0.06121257015;0.0030606285075;0.00047599188421;0.00516191935464
340.0;20.0;0.0005;0.00932971648296;0.0630623121121;0.0031531156056;0.000577950155052;0.00526401092312
360.0;20.0;0.0005;0.00947950169711;0.0647645310536;0.00323822655268;0.000666881950015;0.00533908795025
380.0;20.0;0.0005;0.00961405300137;0.0663092225978;0.00331546112989;0.000745344036856;0.00539213958493
400.0;20.0;0.0005;0.0097356983378;0.0677183998052;0.00338591999026;0.000815241622841;0.00542843568073
420.0;20.0;0.0005;0.00983989085775;0.0689349133165;0.00344674566583;0.000878027386374;0.00545075160234
440.0;20.0;0.0005;0.0099360497725;0.0700653938336;0.00350326969168;0.000934830911939;0.00546419035355
460.0;20.0;0.0005;0.010034942717;0.0712357667373;0.00356178833687;0.000986545574186;0.00547086973599
480.0;20.0;0.0005;0.0101333476772;0.0724081419068;0.00362040709534;0.00103388847244;0.00547035132791
500.0;20.0;0.0005;0.0102309925804;0.0735791077747;0.00367895538874;0.00107744276835;0.00546279510099
520.0;20.0;0.0005;0.0103286514074;0.0747578362479;0.0037378918124;0.00111768822372;0.00544824398309
540.0;20.0;0.0005;0.0104273301134;0.0759565678233;0.00379782839116;0.00115502363805;0.00542645891921
560.0;20.0;0.0005;0.0105280138071;0.0771876031909;0.00385938015955;0.00118978360843;0.0053969170145
580.0;20.0;0.0005;0.0106316059796;0.0784625541081;0.0039231277054;0.00122225123522;0.00535883515364
600.0;20.0;0.0005;0.0105998679691;0.0780710426935;0.00390355213468;0.00125266788371;0.00537132934734
620.0;20.0;0.0005;0.0107125941657;0.0794651942037;0.00397325971019;0.00128124077545;0.00532364888508
640.0;20.0;0.0005;0.0108259475762;0.0808771673107;0.00404385836554;0.00130814895738;0.00526644726225
660.0;20.0;0.0005;0.0109451114095;0.0823723639019;0.00411861819509;0.00133354804317;0.0051963411284
680.0;20.0;0.0005;0.0110705699353;0.0839585171029;0.00419792585515;0.00135757401442;0.00511152551274
700.0;20.0;0.0005;0.0112029661459;0.0856456570984;0.00428228285492;0.00138034629444;0.005009822207
683.1844;1.5922;3.9805e-05;0.00789719651295;0.00372879624232;0.00234191448456;0.000110029661327;0.0824142039884
684.6882;1.548;3.87e-05;0.00777637941343;0.00353290540889;0.00228223863623;0.000107107277287;0.0812982223937
686.1584;1.5091;3.77275e-05;0.00767174469017;0.00336689330686;0.00223106043791;0.000104540785955;0.0803301060327
687.5981;1.4744;3.686e-05;0.00758140952717;0.00322488616717;0.00218725323329;0.000102255881286;0.0794957418957
689.0103;1.4433;3.60825e-05;0.00750394197093;0.0031030433225;0.0021499641949;0.000100212466602;0.0787833262556
690.397;1.415;3.5375e-05;0.00743813190002;0.00299765912277;0.00211848701256;9.83562135098e-05;0.0781839300104
691.7604;1.3892;3.473e-05;0.00738307835113;0.00290661622639;0.00209229500892;9.66672595832e-05;0.0776896970043
693.102;1.3654;3.4135e-05;0.00733800067397;0.00282766414569;0.00207094195524;9.51116377829e-05;0.0772947127649
694.4234;1.3434;3.3585e-05;0.00730231066185;0.0027594675571;0.00205409227117;9.36761035536e-05;0.0769938227045
695.726;1.323;3.3075e-05;0.00727552732374;0.00270087294205;0.00204147614667;9.2347311933e-05;0.0767829502276
697.011;1.304;3.26e-05;0.00725726264438;0.00265087578594;0.00203288020394;9.11118237067e-05;0.0766589610931
698.2792;1.2861;3.21525e-05;0.0072471911432;0.00260837938771;0.00202813108445;8.9949110073e-05;0.0766197421967
699.5319;1.2694;3.1735e-05;0.0072451330876;0.00257324388113;0.00202713398545;8.88665546112e-05;0.076663151121
700.7697;1.2536;3.134e-05;0.0072508997276;0.00254455432752;0.0020297976448;8.78435046447e-05;0.0767884956993
701.9933;1.2386;3.0965e-05;0.00726439855847;0.00252189394378;0.00203608424332;8.6873238113e-05;0.0769953232504
703.2037;1.2245;3.06125e-05;0.00728563085827;0.00250533684492;0.00204600803995;8.59630447921e-05;0.0772833990386
704.4012;1.211;3.0275e-05;0.00731458441076;0.00249415609015;0.00205958388947;8.50921057782e-05;0.0776539113785
705.5866;1.1982;2.9955e-05;0.00735137211237;0.00248853464926;0.0020768942157;8.42676571278e-05;0.078107825945
706.7604;1.186;2.965e-05;0.0073883978905;0.00248393079181;0.00209437672159;8.34828692941e-05;0.0785623934856
707.923;1.1743;2.93575e-05;0.00742605388572;0.00248037835557;0.00211221864563;8.27308763471e-05;0.0790222933773
709.0751;1.1632;2.908e-05;0.00746476328347;0.00247834304245;0.00213062503649;8.20188917146e-05;0.0794917519879
710.2169;1.1525;2.88125e-05;0.00750490337692;0.00247762287317;0.00214978123485;8.13329649832e-05;0.0799757120569
711.3488;1.1422;2.8555e-05;0.00754689530802;0.00247845622107;0.00216989688414;8.06732205289e-05;0.0804788030561
712.4712;1.1323;2.83075e-05;0.00759118612999;0.00248109294234;0.00219119751156;8.00397795953e-05;0.0810059467508
713.5845;1.1228;2.807e-05;0.00763826246228;0.00248580257846;0.00221393175851;7.94327604226e-05;0.0815625074924
714.6889;1.1136;2.784e-05;0.00768864968921;0.00249265066539;0.00223837164636;7.88451924912e-05;0.0821546989817
715.7849;1.1048;2.762e-05;0.00774268065505;0.00250204193045;0.00226470124045;7.82842575537e-05;0.0827857992281
716.8727;1.0963;2.74075e-05;0.00780070228325;0.0025139426635;0.00229311562848;7.77429689756e-05;0.083460076089
717.9524;1.088;2.72e-05;0.00786311641791;0.00252834035072;0.00232384223412;7.72143102728e-05;0.0841824183054
719.0244;1.08;2.7e-05;0.00793043658574;0.00254574451645;0.00235717084856;7.67054516304e-05;0.0849581112068
720.089;1.0723;2.68075e-05;0.00799598667218;0.00256258992183;0.00238980688411;7.62164755606e-05;0.0857136017899
721.1463;1.0648;2.662e-05;0.00805997575737;0.00257877521929;0.00242183998807;7.57403443573e-05;0.086451579011
722.1967;1.0576;2.644e-05;0.00812262522819;0.00259468323639;0.00245336917208;7.52842397154e-05;0.0871740125206
723.2401;1.0505;2.62625e-05;0.00818409071532;0.0026099272957;0.00248446196639;7.48339815266e-05;0.0878834558921
724.2768;1.0436;2.609e-05;0.00824455514178;0.00262486523878;0.00251520241355;7.43967386148e-05;0.0885814651145
725.3072;1.037;2.5925e-05;0.00830419446895;0.00263986293403;0.00254567303186;7.39797047698e-05;0.0892695107461
726.3312;1.0305;2.57625e-05;0.00836312224848;0.00265449102499;0.00257592530324;7.35686654127e-05;0.0899497093543
727.3491;1.0242;2.5605e-05;0.00842148280165;0.00266909450956;0.00260602861702;7.31708019553e-05;0.0906231904059
728.3609;1.018;2.545e-05;0.00847937860327;0.00268348012005;0.00263603155211;7.27790117307e-05;0.0912915192291
729.3669;1.012;2.53e-05;0.00853693245817;0.0026979868075;0.00266599486907;7.24004847231e-05;0.0919555858205
730.3673;1.0062;2.5155e-05;0.0085942452259;0.00271268376108;0.0026959687548;7.20352708565e-05;0.0926164874331
731.3621;1.0005;2.50125e-05;0.0086513896345;0.00272735226418;0.00272598926955;7.16762502094e-05;0.0932754742217
732.3514;0.9949;2.48725e-05;0.00870844148139;0.00274203898066;0.00275609506549;7.13234515902e-05;0.0939333775175
733.3355;0.9895;2.47375e-05;0.00876548665499;0.00275707468497;0.00278633116217;7.09840818844e-05;0.0945906729737
734.3144;0.9842;2.4605e-05;0.00882257206622;0.00277221780463;0.00281672201243;7.06510046945e-05;0.0952483368996
735.2882;0.979;2.4475e-05;0.00887974873464;0.00278750179728;0.00284729499212;7.03242472201e-05;0.0959069290561
736.257;0.9739;2.43475e-05;0.00893706015218;0.00280295617205;0.00287807390087;7.00038362249e-05;0.0965669264174
737.2211;0.969;2.4225e-05;0.00899456144193;0.00281890775906;0.00290908953463;6.9696995396e-05;0.0972284549196
738.1803;0.9641;2.41025e-05;0.00905225188397;0.00283478370359;0.0029403419807;6.93893652142e-05;0.0978924603812
739.135;0.9594;2.3985e-05;0.0091101857098;0.00285120487618;0.00297186249342;6.90953657336e-05;0.0985585758681
740.085;0.9547;2.38675e-05;0.00916835064338;0.00286758006595;0.0030036451932;6.88006181144e-05;0.0992276314533
741.0305;0.9501;2.37525e-05;0.00922677152657;0.00288422371979;0.00303570542026;6.85123444162e-05;0.0998994150162
741.9718;0.9457;2.36425e-05;0.00928547577531;0.00290146451929;0.00306806018747;6.82377890989e-05;0.100573730802
742.9087;0.9413;2.35325e-05;0.00934443801356;0.00291868564563;0.00310069653206;6.79625448987e-05;0.101251281905
743.8414;0.937;2.3425e-05;0.00940367132134;0.00293620533756;0.003133623626;6.76938465189e-05;0.101931716221
744.77;0.9328;2.332e-05;0.00946317441478;0.00295403060744;0.00316684241793;6.74317172459e-05;0.10261501498
745.6944;0.9286;2.3215e-05;0.00952292495805;0.00297183729004;0.00320034168646;6.71689422744e-05;0.103301434144
746.6148;0.9245;2.31125e-05;0.00958292870675;0.00298994995665;0.003234126508;6.69127689179e-05;0.103990530154
747.5315;0.9206;2.3015e-05;0.00964319727071;0.00300870984484;0.00326820534959;6.66704660319e-05;0.104681911427
748.4441;0.9166;2.2915e-05;0.0097036737864;0.0030271140945;0.00330254647011;6.64203208454e-05;0.105376486988
749.3531;0.9128;2.282e-05;0.0097643901881;0.0030461691074;0.00333717036306;6.61840857382e-05;0.106073059305
750.2583;0.909;2.2725e-05;0.00982530689749;0.00306519807482;0.00337205508781;6.59472809704e-05;0.106772223452
751.1599;0.9053;2.26325e-05;0.00988642486677;0.0030845406149;0.0034072027117;6.57171742889e-05;0.107473464703
752.0578;0.9016;2.254e-05;0.00994771504077;0.0031038456792;0.00344259724844;6.54865191931e-05;0.108176985647
752.9522;0.898;2.245e-05;0.0100091779861;0.00312345983674;0.00347824035272;6.52625915429e-05;0.108882259939
753.8432;0.8945;2.23625e-05;0.0100708033916;0.00314338659234;0.00351412698976;6.50454119847e-05;0.109589165742
754.7307;0.891;2.2275e-05;0.0101325624509;0.00316326457077;0.00355024082017;6.48277209187e-05;0.110297917911
755.6149;0.8876;2.219e-05;0.0101944561767;0.00318345151466;0.00358658350006;6.46168061334e-05;0.111007983932
756.4957;0.8842;2.2105e-05;0.0102564563726;0.00320357924199;0.0036231387039;6.44053994868e-05;0.11171959193
757.3733;0.8809;2.20225e-05;0.010318564711;0.00322401321812;0.0036599082962;6.42007966636e-05;0.112432209228
758.2476;0.8776;2.194e-05;0.0103807538395;0.00324437848243;0.00369687611945;6.39957210864e-05;0.113146079949
759.1188;0.8744;2.186e-05;0.0104430262796;0.00326504840347;0.00373404437726;6.37974762524e-05;0.113860673317
759.9868;0.8712;2.178e-05;0.0105053556625;0.00328564122752;0.00377139718494;6.3598777252e-05;0.114576251134
760.8518;0.8681;2.17025e-05;0.0105677454694;0.00330653836067;0.00380893717391;6.34069353139e-05;0.115292285718
761.7137;0.865;2.1625e-05;0.0106301703902;0.00332735121376;0.00384664880203;6.32146572967e-05;0.116009057506
762.5725;0.8619;2.15475e-05;0.0106926161875;0.00334807071797;0.00388452339943;6.30219461803e-05;0.116726408999
763.4286;0.859;2.1475e-05;0.0107551065814;0.00336949289798;0.00392257613268;6.2843444492e-05;0.117443447643
764.2816;0.856;2.14e-05;0.0108175886941;0.00339042208359;0.00396077346213;6.26572151598e-05;0.11816131186
765.1318;0.8531;2.13275e-05;0.01088007903;0.00341165441373;0.00399912602712;6.24779004419e-05;0.118879024185
765.9793;0.8503;2.12575e-05;0.0109425737152;0.00343319784829;0.00403763124578;6.2305518412e-05;0.119596531472
766.824;0.8475;2.11875e-05;0.0110050507041;0.00345464290806;0.00407627481777;6.21327518059e-05;0.120314171725
767.6659;0.8447;2.11175e-05;0.0110674988529;0.00347598224978;0.00411504942558;6.195960311e-05;0.121031821123
768.5052;0.842;2.105e-05;0.0111299262319;0.00349763438466;0.00415396007679;6.1793417459e-05;0.121748968578
769.342;0.8394;2.0985e-05;0.0111923310729;0.00351960862796;0.00419300527515;6.16342123016e-05;0.122465583955
770.1762;0.8368;2.092e-05;0.0112546933945;0.00354148120491;0.00423217161199;6.14746547412e-05;0.123182042889
771.008;0.8343;2.08575e-05;0.0113170227369;0.00356368325314;0.00427146500436;6.13221008183e-05;0.123897839114
771.8373;0.8318;2.0795e-05;0.011379300088;0.00358578373533;0.00431087248778;6.11692099466e-05;0.124613366522
772.6645;0.8295;2.07375e-05;0.0114415546396;0.00360866752211;0.00435041292599;6.10307066139e-05;0.125327709864
773.4894;0.8272;2.068e-05;0.0115037580729;0.00363146338169;0.00439006695079;6.08918923956e-05;0.126041780324
774.312;0.8249;2.06225e-05;0.0115659029984;0.00365416612986;0.00442982922761;6.07527691068e-05;0.126755495423
775.1327;0.8228;2.057e-05;0.0116280199044;0.00367768532615;0.00446971964773;6.06280828443e-05;0.12746793119
775.9513;0.8207;2.05175e-05;0.011690081816;0.00370112676101;0.00450971946022;6.05031127919e-05;0.128180036823
776.768;0.8187;2.04675e-05;0.0117521013032;0.00372495127756;0.0045498366649;6.03852398891e-05;0.128891312691
777.5831;0.8169;2.04225e-05;0.0118140998751;0.00374964061043;0.00459008521292;6.02818629836e-05;0.129601344222
778.3964;0.8151;2.03775e-05;0.0118760517956;0.00377427735548;0.00463044700709;6.01782390985e-05;0.13031111777
779.2079;0.8133;2.03325e-05;0.0119379520173;0.0037988577668;0.00467091819353;6.00743695189e-05;0.131020576947
780.018;0.8117;2.02925e-05;0.0119998333039;0.0038243413513;0.00471152069891;5.99850427259e-05;0.131728776348
780.8265;0.8101;2.02525e-05;0.0120616710223;0.00384978717108;0.00475223697208;5.98954939688e-05;0.132436738194
781.6338;0.8087;2.02175e-05;0.0121234986082;0.00387617157044;0.00479308961351;5.98205256395e-05;0.133143508816
782.4397;0.8073;2.01825e-05;0.0121852921166;0.00390253782043;0.00483406146467;5.9745358573e-05;0.133850133989
783.2444;0.806;2.015e-05;0.01224706687;0.00392938121031;0.00487516279195;5.96774013462e-05;0.13455611339
784.0478;0.8047;2.01175e-05;0.0123088096557;0.00395621414503;0.00491638392573;5.96092576903e-05;0.135261964072
784.8501;0.8035;2.00875e-05;0.012370536381;0.0039835405724;0.00495773562215;5.95483430515e-05;0.135967184255
785.6514;0.8024;2.006e-05;0.0124322531648;0.00401137548961;0.00499922169692;5.94946721179e-05;0.136671831399
786.4516;0.8013;2.00325e-05;0.0124939476787;0.00403921951598;0.00504083304128;5.94408379558e-05;0.137376444551
787.2509;0.8003;2.00075e-05;0.0125556366687;0.00406758971318;0.00508258117354;5.93942662114e-05;0.138080519264
788.0494;0.7994;1.9985e-05;0.0126173271012;0.0040965018014;0.00512447060471;5.93549713037e-05;0.138784122507
788.8468;0.7984;1.996e-05;0.0126789887378;0.0041249171999;0.0051664794588;5.93081039542e-05;0.139488305368
789.6436;0.7976;1.994e-05;0.0127406678783;0.00415441176978;0.00520864063413;5.92759567018e-05;0.14019148458
790.4394;0.7967;1.99175e-05;0.0128023247893;0.00418341207831;0.0052509251642;5.92362415629e-05;0.14089531855
791.2345;0.7959;1.98975e-05;0.0128639875214;0.00421297973905;0.00529335310849;5.92038294662e-05;0.141598707735
792.0288;0.7951;1.98775e-05;0.0129256456157;0.00424258724446;0.0053359165444;5.91712891214e-05;0.142302240855
792.8225;0.7944;1.986e-05;0.0129873176036;0.0042727826029;0.0053786286542;5.91460697817e-05;0.143005404862
793.6153;0.7936;1.984e-05;0.0130489747929;0.00430247721953;0.00542146827058;5.91132811644e-05;0.143709317818
794.4075;0.7929;1.98225e-05;0.0131106461738;0.00433276752062;0.00546445645178;5.9087821232e-05;0.144412857612
795.199;0.7922;1.9805e-05;0.0131723222856;0.00436310956957;0.00550758592472;5.90622450439e-05;0.145116640909
795.99;0.7916;1.979e-05;0.0132340226152;0.00439406932113;0.00555087079476;5.9044015198e-05;0.145820148754
796.7802;0.7909;1.97725e-05;0.0132957194507;0.00442452425196;0.00559429036789;5.90182144642e-05;0.146524543905
797.5697;0.7902;1.9755e-05;0.0133574239447;0.00445503135018;0.00563785288557;5.89922987433e-05;0.147229217218
798.3587;0.7896;1.974e-05;0.0134191562739;0.00448617012701;0.00568157310918;5.89737405941e-05;0.147933644862
799.1471;0.789;1.9725e-05;0.0134809081863;0.00451737578528;0.00572544459477;5.89550782325e-05;0.148638478372
799.9349;0.7884;1.971e-05;0.0135426815871;0.00454864908372;0.00576946865007;5.89363120318e-05;0.149343739906
800.7221;0.7878;1.9695e-05;0.0136044786085;0.00457999091988;0.00581364676299;5.89174423631e-05;0.150049454214
801.5085;0.7871;1.96775e-05;0.0136662828722;0.0046108054679;0.00585796654542;5.88909842879e-05;0.150756206467
802.2944;0.7865;1.96625e-05;0.0137281255946;0.00464227814619;0.00590245155269;5.88719022369e-05;0.15146281489
803.0799;0.786;1.965e-05;0.0137900184721;0.00467442871785;0.00594711032805;5.8860209692e-05;0.152169399833
803.8647;0.7854;1.9635e-05;0.0138519359825;0.0047060565685;0.00599192331105;5.88409298439e-05;0.152877226329
804.6489;0.7848;1.962e-05;0.013913891295;0.00473775964452;0.00603690066835;5.88215483571e-05;0.153585669688
805.4325;0.7842;1.9605e-05;0.0139758879621;0.00476953974013;0.0060820450652;5.8802065592e-05;0.154294770954
806.2155;0.7836;1.959e-05;0.0140379297884;0.00480139881287;0.00612735938345;5.87824819076e-05;0.155004574077
806.9979;0.783;1.9575e-05;0.0141000208371;0.00483333898869;0.00617284672885;5.87627976609e-05;0.155715125982
807.7799;0.7825;1.95625e-05;0.0141621841769;0.00486599570916;0.00621852486793;5.87505244853e-05;0.156425883739
808.5612;0.7819;1.95475e-05;0.0142243958892;0.00489811495384;0.00626437518076;5.87306466055e-05;0.157138183762
809.3419;0.7813;1.95325e-05;0.0142866706345;0.00493032278699;0.00631040930115;5.87106692009e-05;0.157851392085
810.122;0.7807;1.95175e-05;0.0143490135785;0.00496262206359;0.00635663130983;5.86905926218e-05;0.158565568365
810.9017;0.7802;1.9505e-05;0.0144114489348;0.00499566754939;0.0064030601761;5.86779412945e-05;0.159280164915
811.6807;0.7796;1.949e-05;0.0144739540428;0.00502816905163;0.00644967810625;5.8657673777e-05;0.15999656867
812.4591;0.779;1.9475e-05;0.0145365447483;0.00506077187475;0.00649649791367;5.86373081027e-05;0.160714141384
813.2371;0.7785;1.94625e-05;0.0145992462612;0.00509414558414;0.00654353960712;5.86243782137e-05;0.161432333205
814.0144;0.7779;1.94475e-05;0.014662037024;0.00512697256097;0.00659078616913;5.86038235771e-05;0.162152571236
814.7911;0.7773;1.94325e-05;0.0147249339287;0.00515991285475;0.00663825145343;5.85831717873e-05;0.162874215656
815.5672;0.7767;1.94175e-05;0.0147879445976;0.00519297097404;0.00668594177165;5.85624231834e-05;0.163597354576
816.3429;0.7762;1.9405e-05;0.0148510958213;0.00522683669754;0.00673387876519;5.85491242896e-05;0.164321437914
817.1179;0.7756;1.939e-05;0.0149143677859;0.00526015543333;0.00678204671652;5.85281893295e-05;0.165047950106
817.8923;0.775;1.9375e-05;0.0149777790258;0.00529360736437;0.00683046111532;5.85071585399e-05;0.165776251844
818.6661;0.7744;1.936e-05;0.015041338955;0.00532719822361;0.00687912993751;5.84860322537e-05;0.166506452044
819.4393;0.7738;1.9345e-05;0.0151050574781;0.00536093408226;0.00692806162091;5.84648108018e-05;0.167238665333
820.2119;0.7732;1.933e-05;0.0151689450014;0.00539482135948;0.00697726507951;5.84434945138e-05;0.167973012178
820.9839;0.7726;1.9315e-05;0.0152330124421;0.00542886683087;0.00702674971637;5.84220837176e-05;0.168709619002
821.7553;0.772;1.93e-05;0.0152972712354;0.00546307763599;0.00707652543522;5.84005787396e-05;0.169448618267
822.5261;0.7714;1.9285e-05;0.0153617333399;0.00549746128489;0.00712660265088;5.83789799048e-05;0.170190148551
823.2963;0.7708;1.927e-05;0.0154264112416;0.00553202566385;0.00717699229872;5.83572875365e-05;0.170934354601
824.0659;0.7702;1.9255e-05;0.0154913179572;0.00556677904084;0.00722770584373;5.83355019565e-05;0.171681387377
824.8349;0.7696;1.924e-05;0.0155564670371;0.00560173007079;0.00727875528948;5.83136234852e-05;0.172431404097
825.6031;0.7689;1.92225e-05;0.0156218538279;0.00563614286822;0.00733013768789;5.82840692005e-05;0.173185269599
826.3708;0.7683;1.92075e-05;0.0156875208666;0.00567150573647;0.00738188954376;5.82619998164e-05;0.173941646715
827.1379;0.7677;1.91925e-05;0.01575347412;0.00570709451635;0.00743401656422;5.82398385146e-05;0.17470151702
827.9042;0.767;1.9175e-05;0.0158197106079;0.00574215883986;0.00748651739226;5.82099932709e-05;0.175465780301
828.67;0.7664;1.916e-05;0.0158862744285;0.00577821947457;0.00753943042088;5.81876430337e-05;0.176233087332
829.435;0.7657;1.91425e-05;0.0159531546768;0.00581376674071;0.00759274747383;5.81576034719e-05;0.177005183856
830.1995;0.7651;1.91275e-05;0.0160203965703;0.00585034350387;0.00764650830463;5.81350656168e-05;0.177780713181
830.9632;0.7644;1.911e-05;0.0160879905735;0.00588641967898;0.00770070601646;5.81048330773e-05;0.178561458062
831.7264;0.7638;1.9095e-05;0.0161559831239;0.00592356064908;0.0077553818396;5.80821089092e-05;0.179346055211
832.4888;0.7631;1.90775e-05;0.0162243661989;0.00596021567832;0.00781053030838;5.805168472e-05;0.180136326437
833.2507;0.7625;1.90625e-05;0.0162931876051;0.00599797314602;0.00786619428987;5.80287755318e-05;0.180930903255
834.012;0.7619;1.90475e-05;0.01636245977;0.00603606588233;0.00792238598547;5.80057772862e-05;0.181730890101
834.7725;0.7612;1.903e-05;0.0164321860458;0.0060736987688;0.00797911031109;5.79750710457e-05;0.182537309586
835.5325;0.7606;1.9015e-05;0.0165024166738;0.006112495718;0.00803641298712;5.79518896752e-05;0.183348789174
836.2917;0.7599;1.89975e-05;0.0165731483801;0.00615085333295;0.00809429310824;5.79209950296e-05;0.184167261395
837.0504;0.7593;1.89825e-05;0.0166444333894;0.0061904200244;0.00815279866245;5.78976317974e-05;0.184991354711
837.8083;0.7586;1.8965e-05;0.0167162708837;0.00622957095061;0.00821193112393;5.78665500322e-05;0.185823053233
838.5657;0.758;1.895e-05;0.0167887154218;0.00626997975832;0.00827174110596;5.78430061895e-05;0.186660990059
839.3225;0.7574;1.8935e-05;0.0168617877936;0.00631084559761;0.00833224927067;5.78193754295e-05;0.187506407069
840.0787;0.7568;1.892e-05;0.0169355186108;0.00635218984073;0.00839348551894;5.77956580434e-05;0.188359662607
840.8343;0.7562;1.8905e-05;0.0170099401218;0.00639403507588;0.00845548145448;5.77718543213e-05;0.189221134295
841.5891;0.7555;1.88875e-05;0.0170850676093;0.0064355408759;0.00851825397207;5.77403189862e-05;0.190092037978
842.3434;0.7549;1.88725e-05;0.0171609634108;0.00647844782307;0.00858186226397;5.77163376699e-05;0.190971038855
843.0971;0.7543;1.88575e-05;0.017237657747;0.00652193166896;0.00864633656232;5.76922708997e-05;0.191859519481
843.8502;0.7537;1.88425e-05;0.0173151909722;0.00656602101491;0.00871171688325;5.76681189604e-05;0.19275795293
844.6027;0.7531;1.88275e-05;0.0173936059056;0.00661074629652;0.00877804580603;5.76438821353e-05;0.193666841308
845.3548;0.7526;1.8815e-05;0.0174729667878;0.00665703715033;0.0088453855306;5.76272206602e-05;0.194585869009
846.1062;0.752;1.88e-05;0.017553296278;0.00670314816201;0.00891376085373;5.76028206289e-05;0.195517431014
846.857;0.7514;1.8785e-05;0.0176346532212;0.00674999942603;0.00898323053771;5.75783365346e-05;0.196461157824
847.6072;0.7508;1.877e-05;0.0177170926289;0.00679763049117;0.00905384988168;5.75537686558e-05;0.197417695195
848.357;0.7503;1.87575e-05;0.0178006920407;0.00684700911498;0.00912569520856;5.75367886167e-05;0.198386856823
849.1061;0.7497;1.87425e-05;0.0178854892721;0.0068963453943;0.00919880671509;5.75120596673e-05;0.199371270668
849.8546;0.7491;1.87275e-05;0.0179715584946;0.00694659863608;0.00927325942609;5.74872477417e-05;0.200370720902
850.6027;0.7486;1.8715e-05;0.0180589908697;0.00699876930808;0.00934914414652;5.74700329382e-05;0.201385159974
851.3501;0.748;1.87e-05;0.0181474858283;0.0070508038082;0.00942620829973;5.74450615095e-05;0.202413356388
852.0971;0.7475;1.86875e-05;0.0182368208852;0.00710444037619;0.00950426806179;5.74276933477e-05;0.203450516394
852.8434;0.7469;1.86725e-05;0.0183270848359;0.00715784638277;0.00958340659094;5.74025634368e-05;0.204499928995
853.5893;0.7464;1.866e-05;0.0184180696337;0.00721279940667;0.00966345043767;5.73850429079e-05;0.2055569334
854.3345;0.7458;1.8645e-05;0.0185098846699;0.00726744847758;0.00974450050627;5.73597555267e-05;0.206625087462
855.0793;0.7453;1.86325e-05;0.0186020463054;0.0073234197391;0.00982613677593;5.73420836133e-05;0.207696508987
855.8234;0.7447;1.86175e-05;0.0186943503971;0.00737862035214;0.00990817826257;5.73166397649e-05;0.208771157095
856.5671;0.7442;1.8605e-05;0.0187867110115;0.00743496815066;0.00999055112961;5.7298817441e-05;0.209845707747
857.3101;0.7436;1.859e-05;0.0188789446103;0.00749034894896;0.0100730889577;5.72732181198e-05;0.210920385831
858.0527;0.7431;1.85775e-05;0.0189709905016;0.00754672867458;0.0101557376862;5.7255246351e-05;0.211992123128
858.7948;0.7426;1.8565e-05;0.0190627018862;0.00760300744049;0.0102383617566;5.72372029746e-05;0.213060395603
859.5362;0.742;1.855e-05;0.0191536529149;0.00765786380801;0.0103205711698;5.7211375036e-05;0.214121475607
860.2772;0.7415;1.85375e-05;0.0192441174026;0.00771353504399;0.0104026096345;5.71931836293e-05;0.215176115517
861.0177;0.741;1.8525e-05;0.0193336962017;0.00776872381702;0.0104841077153;5.71749212996e-05;0.216220884008
861.7577;0.7405;1.85125e-05;0.0194226565886;0.00782360589423;0.0105653016803;5.71565882675e-05;0.217258871854
862.497;0.7399;1.84975e-05;0.0195105973496;0.00787683986482;0.0106458168196;5.713046065e-05;0.21828665939
863.2359;0.7394;1.8485e-05;0.0195974808663;0.00793051725281;0.0107256116484;5.71119814335e-05;0.219301320654
863.9743;0.7389;1.84725e-05;0.0196833048696;0.00798357344309;0.0108046737625;5.70934321875e-05;0.22030405264
864.7122;0.7384;1.846e-05;0.019768014002;0.0080359649731;0.010882942813;5.70748131286e-05;0.221294200746
865.4494;0.7378;1.8445e-05;0.0198516050675;0.00808658701381;0.0109604052776;5.70483895401e-05;0.222272989774
866.1862;0.7373;1.84325e-05;0.0199340535702;0.00813760314856;0.0110370312608;5.70296261115e-05;0.223237582509
866.9225;0.7368;1.842e-05;0.0200150341068;0.00818769482613;0.0111125065501;5.70107935316e-05;0.224185449578
867.6583;0.7363;1.84075e-05;0.0200948778427;0.00823708335268;0.0111871293667;5.69918920132e-05;0.22512042718
868.3934;0.7357;1.83925e-05;0.0201732492664;0.00828440479979;0.0112605746905;5.6965176099e-05;0.226039903677
869.1281;0.7352;1.838e-05;0.0202501723353;0.00833191573046;0.011332855999;5.69461319951e-05;0.226941542406
869.8623;0.7347;1.83675e-05;0.0203256960348;0.00837852425087;0.0114040074192;5.69270196031e-05;0.227827195291
870.596;0.7342;1.8355e-05;0.0203998174636;0.00842422242631;0.0114740158353;5.69078391324e-05;0.228696814485
871.3292;0.7337;1.83425e-05;0.0204725970364;0.00846904652636;0.0115429283445;5.68885907914e-05;0.229551089815
872.0617;0.7331;1.83275e-05;0.0205440117054;0.00851181318734;0.0116107123003;5.68615158255e-05;0.230391077947
872.7938;0.7326;1.8315e-05;0.0206138127056;0.00855466071531;0.0116771235535;5.68421270785e-05;0.231211196379
873.5254;0.7321;1.83025e-05;0.0206823571668;0.00859667763508;0.0117424909645;5.68226710979e-05;0.232016924832
874.2565;0.7316;1.829e-05;0.020749365872;0.00863766388061;0.0118065389292;5.68031480888e-05;0.23280499559
874.9871;0.7311;1.82775e-05;0.0208152052293;0.00867787104307;0.0118696088676;5.6783558255e-05;0.233579668415
875.7172;0.7306;1.8265e-05;0.0208795922492;0.0087170963976;0.0119314212943;5.67639017999e-05;0.234337631024
876.4466;0.73;1.825e-05;0.0209425357406;0.00875414131994;0.0119919744109;5.67364041981e-05;0.235080349273
877.1756;0.7295;1.82375e-05;0.0210041481818;0.00879147471654;0.0120513704133;5.67166098863e-05;0.235806377367
877.9041;0.729;1.8225e-05;0.0210644421808;0.00882790739983;0.0121096123454;5.66967495741e-05;0.236517221081
878.6321;0.7285;1.82125e-05;0.0211235017908;0.00886349483376;0.0121667739653;5.66768234614e-05;0.237213850914
879.3596;0.728;1.82e-05;0.0211813426926;0.00889824459473;0.0122228634543;5.66568317471e-05;0.237896439773
880.0866;0.7275;1.81875e-05;0.0212377084959;0.00893197194084;0.0122776246609;5.66367746294e-05;0.238561981853
880.8131;0.727;1.8175e-05;0.0212929805015;0.00896494312922;0.0123314210856;5.66166523056e-05;0.239214921631
881.5391;0.7265;1.81625e-05;0.021346894941;0.00899696834446;0.0123839894624;5.65964649723e-05;0.239852167028
882.2646;0.726;1.815e-05;0.0213994959154;0.00902807562787;0.0124353658786;5.65762128253e-05;0.240474223125
882.9896;0.7255;1.81375e-05;0.0214508785603;0.00905832954963;0.0124856368706;5.65558960593e-05;0.241082192502
883.7141;0.725;1.8125e-05;0.0215010781425;0.0090877524944;0.0125348310268;5.65355148687e-05;0.241676478561
884.4381;0.7245;1.81125e-05;0.0215501866904;0.00911640745752;0.0125830330677;5.65150694467e-05;0.242258149318
885.1616;0.724;1.81e-05;0.021598231126;0.00914431138953;0.0126302643502;5.64945599859e-05;0.242827511932
885.8846;0.7235;1.80875e-05;0.0216449654329;0.00917128680188;0.0126762775423;5.6473986678e-05;0.243381679253
886.6071;0.723;1.8075e-05;0.0216907749752;0.0091976062594;0.0127214471084;5.6453349714e-05;0.243925153617
887.3291;0.7225;1.80625e-05;0.0217354043129;0.00922308570174;0.0127655165422;5.64326492842e-05;0.244454937629
888.0506;0.722;1.805e-05;0.0217792351387;0.00924799588982;0.0128088585732;5.6411885578e-05;0.24497549357
888.7718;0.7216;1.804e-05;0.0218220218995;0.00927344598683;0.0128512278088;5.63988771192e-05;0.245482478793
889.4924;0.7211;1.80275e-05;0.0218637764742;0.00929687489339;0.0128926291685;5.63779924644e-05;0.2459789435
890.2125;0.7206;1.8015e-05;0.0219046048898;0.00931963884526;0.012933165203;5.63570450813e-05;0.246464666706
890.9321;0.7201;1.80025e-05;0.0219445400447;0.00934176011641;0.0129728650415;5.63360351564e-05;0.246940028139
891.6512;0.7196;1.799e-05;0.0219833408432;0.00936306469708;0.0130114851266;5.63149628753e-05;0.247402196062
892.37;0.7192;1.798e-05;0.0220214115969;0.00938514705788;0.0130494258313;5.63016592968e-05;0.247854423233
893.0882;0.7187;1.79675e-05;0.0220584689773;0.00940519493139;0.0130863989584;5.62804678456e-05;0.248296340394
893.8059;0.7182;1.7955e-05;0.0220949063872;0.00942479174553;0.0131227955243;5.62592145756e-05;0.248731078624
894.5231;0.7177;1.79425e-05;0.0221304619931;0.00944374876232;0.0131583513478;5.62378996694e-05;0.249155562998
895.24;0.7173;1.79325e-05;0.0221651996552;0.00946343127038;0.0131931287751;5.62243641229e-05;0.249569042883
895.9563;0.7168;1.792e-05;0.02219917899;0.00948124421668;0.0132271822219;5.62029314379e-05;0.249975199428
896.6721;0.7163;1.79075e-05;0.0222324475421;0.00949853792217;0.0132605583166;5.61814376456e-05;0.250373095044
897.3876;0.7159;1.78975e-05;0.0222651109338;0.00951671808359;0.0132933623182;5.61677311426e-05;0.25076246088
898.1025;0.7154;1.7885e-05;0.0222971618607;0.00953312158047;0.0133255823043;5.6146120593e-05;0.251146214171
898.8169;0.7149;1.78725e-05;0.0223283634635;0.00954890446791;0.0133569792529;5.61244494587e-05;0.251520069253
899.531;0.7145;1.78625e-05;0.0223591143252;0.00956569296359;0.0133879537629;5.61105734929e-05;0.251887188037
900.2445;0.714;1.785e-05;0.0223891211105;0.00958059898476;0.013418205861;5.60887866109e-05;0.252247148305
900.9577;0.7136;1.784e-05;0.0224181882219;0.00959616358181;0.0134475386516;5.60748001178e-05;0.252594617819
901.6703;0.7131;1.78275e-05;0.0224466691755;0.00960995246438;0.013476304115;5.60528981449e-05;0.252936781931
902.3826;0.7127;1.78175e-05;0.0224743557527;0.00962450947032;0.0135042927884;5.60388017594e-05;0.253268148735
903.0943;0.7122;1.7805e-05;0.0225015950928;0.00963738449274;0.0135318512956;5.60167853472e-05;0.253595841966
903.8057;0.7118;1.7795e-05;0.0225281673715;0.00965112430111;0.0135587585011;5.60025796994e-05;0.253914222302
904.5165;0.7113;1.77825e-05;0.0225540843284;0.00966302606634;0.0135850218843;5.59804494944e-05;0.254226483919
905.227;0.7109;1.77725e-05;0.0225794760985;0.00967589971244;0.0136107746693;5.59661352093e-05;0.254531089147
905.9369;0.7104;1.776e-05;0.0226043425002;0.00968702338659;0.01363601265;5.59438918532e-05;0.25483110318
906.6465;0.71;1.775e-05;0.0226284818303;0.00969897797593;0.0136605323605;5.5929469551e-05;0.255121077406
907.3555;0.7095;1.77375e-05;0.0226522392277;0.00970928075554;0.0136846804165;5.59071136804e-05;0.255408146985
908.0642;0.7091;1.77275e-05;0.0226754006566;0.00972051361476;0.0137082408895;5.58925839765e-05;0.255686708629
908.7723;0.7086;1.7715e-05;0.0226979833306;0.00972994761475;0.0137312272294;5.58701162232e-05;0.255960051469
909.4801;0.7082;1.7705e-05;0.0227201137226;0.009740419844;0.0137537699012;5.58554797283e-05;0.256226567172
910.1873;0.7077;1.76925e-05;0.0227417967867;0.00974918335619;0.0137758702221;5.58329007191e-05;0.256489410454
910.8942;0.7073;1.76825e-05;0.0227631527464;0.00975907980784;0.0137976527751;5.58181580391e-05;0.256746891451
911.6007;0.7069;1.76725e-05;0.0227841942045;0.00976874184818;0.0138191283748;5.58033648632e-05;0.257000707483
912.3066;0.7064;1.766e-05;0.0228046597676;0.00977659569576;0.0138400278819;5.5780622499e-05;0.257249339871
913.0122;0.706;1.765e-05;0.022824954481;0.00978570161298;0.0138607671572;5.57657240245e-05;0.257494438359
913.7174;0.7056;1.764e-05;0.0228448086959;0.00979448199377;0.0138810685853;5.57507754813e-05;0.257734384912
914.422;0.7051;1.76275e-05;0.0228639803064;0.00980137093717;0.0139006820836;5.57278711114e-05;0.257967892514
915.1263;0.7047;1.76175e-05;0.0228828795966;0.00980944479088;0.0139200295032;5.57128181461e-05;0.258196661652
915.8302;0.7043;1.76075e-05;0.0229012543365;0.00981713236724;0.0139388504433;5.56977155342e-05;0.258419284211
916.5335;0.7038;1.7595e-05;0.0229194554848;0.00982329023805;0.0139575024695;5.56746504928e-05;0.258641461731
917.2365;0.7034;1.7585e-05;0.0229372676745;0.0098305546149;0.0139757671523;5.56594443254e-05;0.258857518171
917.9391;0.703;1.7575e-05;0.0229547178398;0.0098375500623;0.0139936700744;5.56441889287e-05;0.25906933802
918.6413;0.7026;1.7565e-05;0.0229718968099;0.00984434214313;0.0140113039327;5.56288844366e-05;0.259277990009
919.3429;0.7021;1.75525e-05;0.022988816204;0.00984953538867;0.0140286788045;5.56056087615e-05;0.259485187575
920.0442;0.7017;1.75425e-05;0.0230052762883;0.00985579174995;0.014045591777;5.55902018452e-05;0.259685423409
920.7451;0.7013;1.75325e-05;0.0230216292387;0.009861963206;0.0140624029745;5.55747462445e-05;0.259884421453
921.4456;0.7009;1.75225e-05;0.0230376280879;0.00986787162176;0.0140788580707;5.55592420913e-05;0.260079271083
922.1455;0.7004;1.751e-05;0.0230536165198;0.00987235439967;0.0140953089658;5.55357580632e-05;0.260275605584
922.8451;0.7;1.75e-05;0.0230693703012;0.00987806926391;0.0141115275199;5.55201526003e-05;0.260467615591
923.5443;0.6996;1.749e-05;0.0230849108096;0.00988362277758;0.0141275339874;5.55044989897e-05;0.260657134768
924.2431;0.6992;1.748e-05;0.0231003192545;0.0098890735242;0.0141434117909;5.54887973612e-05;0.260845119785
924.9413;0.6987;1.74675e-05;0.0231153371166;0.00989281827821;0.0141588926266;5.54651072273e-05;0.261030112771
925.6392;0.6983;1.74575e-05;0.0231300450269;0.00989774751758;0.0141740620329;5.5449305387e-05;0.261209884041
926.3367;0.6979;1.74475e-05;0.0231445221184;0.00990250299334;0.0141889998472;5.54334559278e-05;0.26138695456
927.0338;0.6975;1.74375e-05;0.0231588017207;0.00990710877733;0.0142037401826;5.54175589774e-05;0.26156171668
927.7305;0.6971;1.74275e-05;0.0231726569932;0.00991140152247;0.0142180483754;5.54016146632e-05;0.261731494563
928.4268;0.6967;1.74175e-05;0.0231864535403;0.00991564467675;0.0142323018182;5.53856231121e-05;0.261900599091
929.1227;0.6963;1.74075e-05;0.0231999509247;0.00991966511496;0.0142462517808;5.53695844503e-05;0.262066194021
929.818;0.6958;1.7395e-05;0.0232134903659;0.00992228157281;0.0142602494579;5.53455423147e-05;0.262233904033
930.513;0.6954;1.7385e-05;0.0232268538855;0.0099261897998;0.0142740721884;5.53294053047e-05;0.262397958319
931.2076;0.695;1.7375e-05;0.0232400675604;0.0099299829874;0.0142877453056;5.53132215729e-05;0.26256026302
931.9018;0.6946;1.7365e-05;0.023253225504;0.00993372889931;0.014301366109;5.52969912439e-05;0.262721928198
932.5956;0.6942;1.7355e-05;0.0232663684116;0.00993745682466;0.0143149766993;5.52807144416e-05;0.262883433921
933.2888;0.6937;1.73425e-05;0.0232792553949;0.00993955966899;0.0143283258887;5.52564235887e-05;0.26304354444
933.9817;0.6933;1.73325e-05;0.0232920351733;0.00994301083112;0.014341570505;5.52400497475e-05;0.263200801385
934.674;0.6928;1.732e-05;0.0233047251992;0.0099449539047;0.014354725613;5.52156576588e-05;0.263358625937
935.3658;0.6923;1.73075e-05;0.0233171376637;0.00994668785448;0.014367597652;5.5191212934e-05;0.263513193744
936.0571;0.6918;1.7295e-05;0.0233296547696;0.00994848738794;0.0143805830991;5.51667157202e-05;0.263669016047
936.7479;0.6913;1.72825e-05;0.023342059345;0.0099501964956;0.0143934565248;5.51421661638e-05;0.263823529134
937.4382;0.6908;1.727e-05;0.0233544192344;0.00995186394819;0.0144062882863;5.51175644107e-05;0.263977533739
938.1278;0.6902;1.7255e-05;0.0233668232947;0.0099521105956;0.0144191692199;5.50849273904e-05;0.264133695089
938.8168;0.6896;1.724e-05;0.023379343378;0.00995242825583;0.014432175545;5.50522318645e-05;0.264291248367
939.5052;0.689;1.7225e-05;0.0233920801493;0.00995288893692;0.0144454121;5.50194780041e-05;0.264451382929
940.193;0.6884;1.721e-05;0.0234048190231;0.0099533386935;0.0144586558592;5.49866659796e-05;0.264611564821
940.8802;0.6878;1.7195e-05;0.0234176238218;0.00995382320708;0.0144719732583;5.49537959606e-05;0.26477254801
941.5666;0.6871;1.71775e-05;0.0234305889154;0.00995296037189;0.0144854611729;5.49128739562e-05;0.264937070302
942.2525;0.6865;1.71625e-05;0.0234438002284;0.00995370920715;0.0144992122464;5.48798841017e-05;0.265102903597
942.9376;0.6858;1.7145e-05;0.0234570190841;0.00995299832436;0.0145129751011;5.48388382671e-05;0.265270475018
943.6218;0.685;1.7125e-05;0.0234706199603;0.0099510910059;0.0145271401546;5.4789727956e-05;0.265444214409
944.3054;0.6843;1.71075e-05;0.023484419232;0.00995076166995;0.0145415193189;5.47485503773e-05;0.265618700792
944.9883;0.6836;1.709e-05;0.0234984653972;0.00995059232763;0.0145561619772;5.4707309394e-05;0.265796133611
945.6703;0.6828;1.707e-05;0.0235128428544;0.00994918468235;0.0145711550708;5.46579980661e-05;0.265979142746
946.3515;0.682;1.705e-05;0.0235273626287;0.00994785876053;0.0145863031679;5.46086172808e-05;0.266163867039
947.0319;0.6812;1.703e-05;0.0235420943406;0.00994666386884;0.0146016791968;5.45591672592e-05;0.266351130404
947.7113;0.6803;1.70075e-05;0.0235571317181;0.00994420356556;0.0146173799288;5.4501634672e-05;0.266543677961
948.39;0.6795;1.69875e-05;0.0235725651171;0.00994346545341;0.0146335032427;5.44520425765e-05;0.266739310042
949.0677;0.6786;1.6965e-05;0.0235881623205;0.00994135685082;0.0146498037884;5.43943641167e-05;0.266938554351
949.7445;0.6777;1.69425e-05;0.0236043116487;0.00993961563399;0.0146666897359;5.43366109535e-05;0.267144370437
950.4204;0.6768;1.692e-05;0.0236208000014;0.00993808974623;0.0146839387503;5.42787833348e-05;0.267354239336
951.0954;0.6759;1.68975e-05;0.0236374411192;0.00993664665627;0.014701356201;5.42208815074e-05;0.267565958382
951.7693;0.6749;1.68725e-05;0.0236545903711;0.00993406457257;0.0147193133391;5.41548794776e-05;0.267785380427
952.4422;0.6739;1.68475e-05;0.0236720604202;0.00993167941223;0.0147376159849;5.40887974378e-05;0.268008648156
953.1141;0.6729;1.68225e-05;0.0236899211241;0.00992953981312;0.0147563379598;5.40226356647e-05;0.26823659043
953.785;0.6719;1.67975e-05;0.0237082784204;0.00992771968151;0.0147755911319;5.39563944337e-05;0.268470463891
954.4549;0.6709;1.67725e-05;0.0237269394756;0.00992608208589;0.0147951737754;5.38900740189e-05;0.268707987396
955.1236;0.6698;1.6745e-05;0.0237459580208;0.00992318169859;0.0148151413834;5.3815638033e-05;0.26895145437
955.7914;0.6688;1.672e-05;0.0237654800834;0.00992208349694;0.0148356511617;5.37491559298e-05;0.269199288426
956.458;0.6677;1.66925e-05;0.0237855298595;0.0099198362626;0.0148567264679;5.36745546863e-05;0.269455091764
957.1235;0.6666;1.6665e-05;0.0238059323459;0.00991779846687;0.0148781855189;5.35998691893e-05;0.269715138272
957.7879;0.6655;1.66375e-05;0.0238268059017;0.00991605227091;0.0149001536753;5.35250997412e-05;0.269980833108
958.4512;0.6644;1.661e-05;0.0238482102656;0.0099146384394;0.0149226948215;5.34502466433e-05;0.270252887442
959.1132;0.6632;1.658e-05;0.0238699442591;0.00991191944359;0.014945596266;5.33672612196e-05;0.270530587216
959.774;0.662;1.655e-05;0.0238923846807;0.00990964874243;0.0149692579191;5.32841866442e-05;0.270816739851
960.4338;0.6609;1.65225e-05;0.0239153507824;0.00990919875861;0.0149934918423;5.32090762828e-05;0.271107533107
961.0923;0.6597;1.64925e-05;0.0239386343498;0.0099074247514;0.0150180760215;5.31258284449e-05;0.271403843534
961.7496;0.6585;1.64625e-05;0.0239626110419;0.00990608548721;0.0150434100034;5.30424924314e-05;0.271708460702
962.4057;0.6573;1.64325e-05;0.0239870879891;0.00990504508369;0.0150692911664;5.2959068571e-05;0.272019100238
963.0604;0.656;1.64e-05;0.024012113529;0.00990282532106;0.0150957703065;5.28674961148e-05;0.272338022508
963.714;0.6548;1.637e-05;0.0240378231917;0.00990253739968;0.015122995418;5.27838935448e-05;0.272663477358
964.3662;0.6535;1.63375e-05;0.0240639980132;0.00990100385853;0.0151507327598;5.26921390625e-05;0.272996238066
965.0171;0.6522;1.6305e-05;0.0240907195088;0.0098997904491;0.0151790715258;5.26002920973e-05;0.273335593496
965.6669;0.651;1.6275e-05;0.0241181131262;0.0099005042779;0.0152081478923;5.25164220277e-05;0.273681344235
966.3153;0.6497;1.62425e-05;0.0241461996335;0.00990011726353;0.0152379825512;5.24243951157e-05;0.27403712761
966.9624;0.6484;1.621e-05;0.0241748058762;0.00990002702469;0.0152683945476;5.23322767721e-05;0.274399199634
967.608;0.647;1.6175e-05;0.024204023894;0.00989876467883;0.0152994817293;5.22319924361e-05;0.274770361896
968.2524;0.6457;1.61425e-05;0.0242339390696;0.00989944614989;0.0153313398635;5.21396883795e-05;0.275148231524
968.8955;0.6444;1.611e-05;0.0242643566279;0.00990040790079;0.0153637614848;5.20472939664e-05;0.275532197515
969.5371;0.643;1.6075e-05;0.0242953714518;0.00990017311032;0.015396847761;5.19467287941e-05;0.275925105678
970.1775;0.6417;1.60425e-05;0.024327068163;0.00990187631831;0.0154306939665;5.1854150842e-05;0.276324545772
970.8164;0.6403;1.60075e-05;0.0243592373634;0.00990228746523;0.0154650749106;5.17533989829e-05;0.276731460156
971.4539;0.6389;1.59725e-05;0.0243919628847;0.00990300323463;0.0155000833223;5.16525524056e-05;0.277145138355
972.0902;0.6376;1.594e-05;0.0244253643297;0.00990565837516;0.0155358506511;5.1559699938e-05;0.277565283152
972.725;0.6362;1.5905e-05;0.0244592350458;0.00990700442238;0.0155721540748;5.14586688862e-05;0.277992888541
973.3584;0.6348;1.587e-05;0.024493656446;0.00990864655951;0.0156090840572;5.13575442343e-05;0.278427205853
973.9904;0.6334;1.5835e-05;0.0245287301962;0.00991065248328;0.0156467516313;5.12563263583e-05;0.278869451815
974.621;0.632;1.58e-05;0.0245642824228;0.00991290215303;0.0156849717611;5.11550156325e-05;0.279317559793
975.25;0.6305;1.57625e-05;0.0246003609282;0.00991385331384;0.0157237958982;5.1045514504e-05;0.279773849459
975.8777;0.6291;1.57275e-05;0.0246370983063;0.00991673729567;0.0157633719531;5.09440154364e-05;0.280236420914
976.504;0.6277;1.56925e-05;0.0246743099916;0.00991985775827;0.0158035012877;5.08424246514e-05;0.280704819872
977.1289;0.6263;1.56575e-05;0.0247120598282;0.00992325659603;0.0158442545043;5.07407425172e-05;0.281179812843
977.7522;0.6248;1.562e-05;0.0247501687031;0.00992522169758;0.0158854380563;5.06308640055e-05;0.281661028262
978.3742;0.6234;1.5585e-05;0.0247887801188;0.00992902385158;0.0159272118248;5.05289965622e-05;0.282146664987
978.9948;0.622;1.555e-05;0.024827942098;0.00993310863677;0.0159696280334;5.04270388835e-05;0.282639058642
979.6138;0.6205;1.55125e-05;0.0248674746027;0.00993575102998;0.0160124915874;5.03168804006e-05;0.283137837684
980.2315;0.6191;1.54775e-05;0.0249075190106;0.00994024526296;0.0160559606897;5.02147396643e-05;0.283641152224
980.8476;0.6176;1.544e-05;0.0249481008057;0.0099433980874;0.01610006167;5.01043952024e-05;0.284152863957
981.4624;0.6162;1.5405e-05;0.0249890875523;0.00994833673056;0.0161446555186;5.00020729067e-05;0.284667834651
982.0756;0.6147;1.53675e-05;0.025030559373;0.00995188716896;0.016189827833;4.98915439828e-05;0.285190596086
982.6873;0.6132;1.533e-05;0.0250725787015;0.00995570071862;0.0162356502261;4.97809215807e-05;0.285720118083
983.2977;0.6118;1.5295e-05;0.0251150012618;0.00996130847051;0.0162819687324;4.96783279251e-05;0.286252879711
983.9065;0.6103;1.52575e-05;0.0251576522068;0.00996533863282;0.0163285902553;4.95675233321e-05;0.286790388625
984.514;0.6089;1.52225e-05;0.0252008847923;0.00997128916881;0.0163759060089;4.94647518278e-05;0.287333271857
985.1199;0.6074;1.5185e-05;0.0252445046382;0.00997575642461;0.0164237017198;4.93537665303e-05;0.287882822321
985.7243;0.6059;1.51475e-05;0.0252883744027;0.00998028162658;0.0164718297187;4.92426896532e-05;0.288435593975
986.3274;0.6045;1.51125e-05;0.0253328319733;0.00998674151756;0.0165206642143;4.91396523297e-05;0.288993815195
986.9289;0.603;1.5075e-05;0.0253776814421;0.00999170307813;0.0165699885209;4.9028396974e-05;0.2895587872
987.5289;0.6015;1.50375e-05;0.0254227833441;0.00999672076251;0.0166196521405;4.89170511633e-05;0.290127022967
988.1276;0.6001;1.50025e-05;0.0254682243975;0.0100035190699;0.0166697534909;4.8813751303e-05;0.290697727019
988.7247;0.5986;1.4965e-05;0.0255140756018;0.0100088129073;0.0167203690399;4.87022292133e-05;0.291275427828
989.3205;0.5972;1.493e-05;0.0255602130752;0.010015860238;0.0167713667749;4.85987572949e-05;0.291854960719
989.9147;0.5957;1.48925e-05;0.0256066713597;0.0100213316822;0.0168227827466;4.84870603659e-05;0.292440436461
990.5074;0.5942;1.4855e-05;0.0256535574303;0.0100269697083;0.0168747386542;4.83752748209e-05;0.293031299964
991.0988;0.5928;1.482e-05;0.0257007350639;0.0100343769893;0.016927086689;4.82715457316e-05;0.29362405558
991.6886;0.5913;1.47825e-05;0.0257482348891;0.0100401904569;0.0169798587128;4.81595875038e-05;0.294222798249
992.2771;0.5899;1.47475e-05;0.0257959393927;0.0100477246096;0.0170329286482;4.80556898787e-05;0.294822385547
992.864;0.5884;1.471e-05;0.0258439248769;0.0100536253996;0.0170863789932;4.79435603797e-05;0.29542748181
993.4496;0.587;1.4675e-05;0.0258922736013;0.0100613597694;0.0171403062512;4.78394956011e-05;0.296035325295
994.0338;0.5856;1.464e-05;0.0259408274784;0.0100691188194;0.0171945335031;4.77353494582e-05;0.296645892902
994.6164;0.5841;1.46025e-05;0.0259894341782;0.0100750762587;0.0172488893317;4.7622967364e-05;0.297259249857
995.1977;0.5827;1.45675e-05;0.0260384269988;0.0100828957453;0.0173037510646;4.7518656104e-05;0.297875623264
995.7776;0.5813;1.45325e-05;0.0260876442957;0.0100907501899;0.0173589371924;4.74142644746e-05;0.298494961684
996.3559;0.5798;1.4495e-05;0.0261369301657;0.0100967947217;0.0174142716829;4.73016328565e-05;0.29911730217
996.9329;0.5784;1.446e-05;0.0261864197436;0.0101045961907;0.0174699104264;4.71970781228e-05;0.299740455013
997.5085;0.577;1.4425e-05;0.0262361579621;0.0101124461366;0.0175259031831;4.7092444003e-05;0.300366871542
998.0827;0.5756;1.439e-05;0.0262860038055;0.0101202520986;0.0175820919017;4.69877308167e-05;0.300994854384
998.6555;0.5742;1.4355e-05;0.0263358305505;0.0101279312891;0.0176383338368;4.68829388825e-05;0.30162287642
999.2269;0.5728;1.432e-05;0.026385937707;0.0101356775365;0.0176949677663;4.67780685174e-05;0.302254551978
999.7969;0.5714;1.4285e-05;0.0264361798315;0.0101433957392;0.0177518301352;4.66731200375e-05;0.302888128997
1000.3655;0.57;1.425e-05;0.0264864259839;0.0101510005904;0.0178087729657;4.65680937577e-05;0.303522028302
1000.9329;0.5687;1.42175e-05;0.0265367642801;0.0101603362812;0.0178658981558;4.64711630942e-05;0.304155357434
1001.4988;0.5673;1.41825e-05;0.0265872628777;0.0101678767503;0.0179232800112;4.63659853991e-05;0.304792849995
1002.0633;0.5659;1.41475e-05;0.0266377948019;0.0101753213627;0.0179807763963;4.62607308249e-05;0.30543102201
1002.6266;0.5646;1.4115e-05;0.0266882567936;0.0101844080766;0.0180382714783;4.61635776289e-05;0.306066651534
1003.1884;0.5632;1.408e-05;0.0267386932851;0.0101915613211;0.0180958120048;4.60581734382e-05;0.306704218243
1003.749;0.5619;1.40475e-05;0.0267892311626;0.0102004778326;0.0181535465966;4.59608744291e-05;0.307341303054
1004.3081;0.5605;1.40125e-05;0.0268397151822;0.010207430418;0.0182112942337;4.58553217992e-05;0.30797999433
1004.866;0.5592;1.398e-05;0.0268902387899;0.0102161173313;0.0182691654709;4.57578781287e-05;0.308617445975
1005.4226;0.5579;1.39475e-05;0.0269406713289;0.0102246380979;0.0183270086;4.56603641433e-05;0.309254062223
1005.9779;0.5566;1.3915e-05;0.0269911154742;0.0102330582823;0.0183849412187;4.55627801146e-05;0.309891086081
1006.5319;0.5553;1.38825e-05;0.0270414504795;0.0102413003586;0.0184428243447;4.54651263135e-05;0.310527054901
1007.0846;0.554;1.385e-05;0.0270917439146;0.0102494073779;0.0185007353392;4.53674030096e-05;0.311162786754
1007.636;0.5527;1.38175e-05;0.0271418801336;0.0102573053363;0.0185585405036;4.52696104716e-05;0.311796879296
1008.1861;0.5514;1.3785e-05;0.0271919640439;0.0102650610913;0.0186163603396;4.51717489674e-05;0.312430603417
1008.7351;0.5502;1.3755e-05;0.0272420755975;0.0102745938023;0.01867428899;4.50820140709e-05;0.313062891615
1009.2827;0.5489;1.37225e-05;0.0272920657972;0.0102820772075;0.0187321501321;4.49840185331e-05;0.313696004965
1009.829;0.5476;1.369e-05;0.0273418336412;0.010289309755;0.0187898278945;4.48859548113e-05;0.31432668474
1010.3742;0.5464;1.366e-05;0.0273915050092;0.0102982572752;0.0188474693909;4.47960231052e-05;0.314954402979
1010.9182;0.5452;1.363e-05;0.0274411335007;0.0103070793892;0.0189051346098;4.47060283454e-05;0.315581852938
1011.461;0.544;1.36e-05;0.0274906029405;0.0103157022885;0.0189626880303;4.46159707644e-05;0.316207622767
1012.0026;0.5428;1.357e-05;0.0275398085509;0.0103240596577;0.0190200067386;4.45258505943e-05;0.316830437432
1012.543;0.5416;1.354e-05;0.0275890306457;0.0103323289515;0.0190774168233;4.44356680662e-05;0.317453702467
1013.0822;0.5404;1.351e-05;0.0276381466836;0.0103404324505;0.0191347750749;4.43454234104e-05;0.318075927965
1013.6202;0.5392;1.348e-05;0.0276870459194;0.0103483001811;0.0191919513744;4.42551168563e-05;0.318695765714
1014.157;0.538;1.345e-05;0.027735628547;0.0103558693463;0.0192488277811;4.41647486328e-05;0.319311998997
1014.6928;0.5369;1.34225e-05;0.0277841915136;0.0103652589315;0.0193057532715;4.40825310384e-05;0.31992613962
1015.2273;0.5357;1.33925e-05;0.0278325895612;0.0103725197401;0.0193625531829;4.39920431544e-05;0.320540612738
1015.7608;0.5346;1.3365e-05;0.0278807439693;0.0103814712242;0.0194191380923;4.39097093268e-05;0.321150252838
1016.2932;0.5335;1.33375e-05;0.0279285500005;0.0103901160989;0.0194753816286;4.38273191876e-05;0.321755881221
1016.8245;0.5324;1.331e-05;0.0279762831944;0.0103986276524;0.0195316071607;4.37448729347e-05;0.322360852526
1017.3547;0.5313;1.32825e-05;0.0280238299873;0.0104069345392;0.0195876802921;4.36623707652e-05;0.322963781776
1017.8838;0.5302;1.3255e-05;0.0280710877197;0.0104149724992;0.0196434788744;4.35798128753e-05;0.323563415352
1018.4118;0.5291;1.32275e-05;0.0281181293833;0.0104227874796;0.0196990880355;4.3497199461e-05;0.324160640778
1018.9387;0.528;1.32e-05;0.0281650502826;0.0104304392285;0.019754619751;4.34145307172e-05;0.32475661886
1019.4647;0.527;1.3175e-05;0.0282117600626;0.0104398533086;0.0198099683276;4.33400322187e-05;0.325348096071
1019.9895;0.5259;1.31475e-05;0.0282581320219;0.0104469921473;0.0198649784127;4.32572563171e-05;0.325937817537
1020.5134;0.5249;1.31225e-05;0.0283042675702;0.0104558889302;0.0199197731571;4.31826539458e-05;0.32652271354
1021.0363;0.5239;1.30975e-05;0.0283502543149;0.0104646163629;0.0199744538326;4.31080013573e-05;0.327106001725
1021.5582;0.5229;1.30725e-05;0.0283959865582;0.0104731086027;0.0200288938663;4.30332987186e-05;0.327686389327
1022.0791;0.5219;1.30475e-05;0.0284413687645;0.0104813063433;0.0200829782397;4.29585461963e-05;0.328262706361
1022.599;0.5209;1.30225e-05;0.0284864745946;0.0104892557269;0.020136793486;4.28837439563e-05;0.328835850027
1023.1181;0.52;1.3e-05;0.0285314209773;0.0104990497612;0.0201904803101;4.2817127664e-05;0.329405060216
1023.6361;0.519;1.2975e-05;0.0285760770279;0.0105065723333;0.0202438773281;4.27422293472e-05;0.329973104074
1024.1533;0.5181;1.29525e-05;0.0286203782849;0.0105158291849;0.0202969102198;4.26755201519e-05;0.3305348102
1024.6694;0.5171;1.29275e-05;0.0286643700883;0.0105227925652;0.0203496278577;4.26005263765e-05;0.3310951208
1025.1847;0.5162;1.2905e-05;0.0287079906402;0.0105314911934;0.0204019589179;4.25337248793e-05;0.331648875478
1025.6991;0.5153;1.28825e-05;0.0287513345354;0.0105399532088;0.0204540136013;4.24668788728e-05;0.332199427077
1026.2126;0.5144;1.286e-05;0.0287943105343;0.0105481223255;0.0205056810372;4.23999884967e-05;0.332745655684
1026.7252;0.5135;1.28375e-05;0.0288369914417;0.0105560438937;0.0205570475047;4.23330538899e-05;0.333288449906
1027.2371;0.5127;1.28175e-05;0.0288793072654;0.010565736753;0.0206080295553;4.2274322029e-05;0.333824720708
1027.748;0.5118;1.2795e-05;0.0289213333816;0.010573129123;0.020658712628;4.22073021811e-05;0.334359841217
1028.258;0.5109;1.27725e-05;0.0289629899984;0.0105802287611;0.020709001294;4.21402385063e-05;0.334890606948
1028.7673;0.5101;1.27525e-05;0.0290043681637;0.0105891691621;0.020759006395;4.20813821724e-05;0.335415887431
1029.2758;0.5093;1.27325e-05;0.0290453702492;0.0105978233459;0.020808606609;4.20224864605e-05;0.335936716636
1029.7835;0.5085;1.27125e-05;0.0290861005608;0.0106062558623;0.0208579269661;4.1963551486e-05;0.33645437107
1030.2904;0.5077;1.26925e-05;0.0291264704511;0.010614412281;0.0209068589345;4.19045773645e-05;0.336967760641
1030.7965;0.5069;1.26725e-05;0.0291665512552;0.0106223367833;0.0209554878346;4.18455642108e-05;0.337477757929
1031.3018;0.5061;1.26525e-05;0.0292062567422;0.0106299765269;0.0210037078184;4.17865121395e-05;0.337983301859
1031.8063;0.5053;1.26325e-05;0.0292455091461;0.0106372840143;0.0210514229454;4.17274212649e-05;0.338483434337
1032.3102;0.5046;1.2615e-05;0.029284436321;0.01064644916;0.0210987894571;4.16765523995e-05;0.338977444642
1032.8132;0.5038;1.2595e-05;0.0293230786679;0.0106532798398;0.0211458512103;4.16173869984e-05;0.339470376575
1033.3156;0.5031;1.25775e-05;0.0293613798084;0.0106619682349;0.0211925427049;4.15664465569e-05;0.339956975662
1033.8173;0.5024;1.256e-05;0.0293992512752;0.0106703493135;0.0212387526145;4.15154718443e-05;0.340438429263
1034.3183;0.5017;1.25425e-05;0.0294368014132;0.0106784897975;0.0212846119146;4.14644629544e-05;0.340916065987
1034.8186;0.501;1.2525e-05;0.029474098931;0.010686431995;0.0213302035828;4.14134199806e-05;0.341390728227
1035.3182;0.5003;1.25075e-05;0.0295110581655;0.0106941235716;0.0213754218901;4.13623430162e-05;0.341861360492
1035.8171;0.4996;1.249e-05;0.0295476016986;0.010701517356;0.0214201708486;4.13112321541e-05;0.342327007824
1036.3153;0.4989;1.24725e-05;0.0295836598086;0.0107085709961;0.0214643635922;4.12600874868e-05;0.342786809169
1036.813;0.4983;1.24575e-05;0.0296195106228;0.0107176069025;0.0215083421685;4.12171820135e-05;0.343241865737
1037.3099;0.4976;1.244e-05;0.0296550377993;0.0107242546151;0.0215519586317;4.11659726986e-05;0.343695375502
1037.8063;0.497;1.2425e-05;0.0296901936114;0.0107327933366;0.021595157619;4.11230054339e-05;0.344142108274
1038.3021;0.4964;1.241e-05;0.0297248961455;0.010741021289;0.0216378349899;4.10800087342e-05;0.344583370674
1038.7971;0.4957;1.23925e-05;0.0297593839502;0.0107469152833;0.0216802809831;4.10287044155e-05;0.34502443258
1039.2916;0.4951;1.23775e-05;0.0297936012201;0.0107547753501;0.0217224305192;4.09856464046e-05;0.345459939223
1039.7855;0.4945;1.23625e-05;0.029827458002;0.0107623818753;0.0217641696164;4.09425591894e-05;0.345891111165
1040.2788;0.4939;1.23475e-05;0.0298608834444;0.0107696918578;0.0218054097142;4.08994428438e-05;0.346317072737
1040.7715;0.4933;1.23325e-05;0.0298939591222;0.0107767552902;0.021846250335;4.08562974413e-05;0.346738826453
1041.2638;0.4928;1.232e-05;0.0299268046739;0.0107858350521;0.021886840609;4.08214079429e-05;0.34715548941
1041.7554;0.4922;1.2305e-05;0.029959309663;0.010792488487;0.0219270387789;4.07782072847e-05;0.347570405238
1042.2466;0.4917;1.22925e-05;0.0299914330153;0.0108010742896;0.0219667974163;4.07432653028e-05;0.347978350224
1042.7371;0.4911;1.22775e-05;0.0300232234202;0.0108072307524;0.0220061713548;4.07000096547e-05;0.34838464527
1043.2272;0.4906;1.2265e-05;0.0300548120989;0.010815437356;0.0220453268569;4.06650154445e-05;0.348786176455
1043.7166;0.49;1.225e-05;0.0300860876103;0.0108212190853;0.0220841205822;4.06217050712e-05;0.349186305812
1044.2056;0.4895;1.22375e-05;0.0301170084678;0.0108289659939;0.0221225045841;4.05866588865e-05;0.349579773132
