# Hydrograph at the point with coordinates: 3.11524736794 88.4727106691
# A pixel size is [m2]:
# 1.0
# time[s];deltaTime[s];Rainfall[m];Water_level_[m];Sheet_Flow[m3/s];Sheet_V_runoff[m3];Sheet_V_rest[m3];Infiltration[m];Surface_retetion[m];State;V_inflow[m3];WlevelTotal[m];SurfaceBil[m3];V_to_rill.m3.;ratio;courant;courantrill;iter
20.0;20.0;0.0;0.0;0.0;0.0;0.0;0.0;0.0;0;0.0;0.0;0.0;0.0;1;1.95;1.95;0
20.0;20.0;0.0;0.0;0.0;0.0;0.0;0.0;0.0;0;0.0;0.0;0.0;0.0;1;0;0;1
40.0;20.0;0.0;0.0;0.0;0.0;0.0;0.0;0.0;0;0.0;0.0;0.0;0.0;1;0;0;1
60.0;20.0;0.0;0.0;0.0;0.0;0.0;0.0;0.0;0;0.0;0.0;0.0;0.0;1;0;0;1
80.0;20.0;0.0;0.0;0.0;0.0;0.0;0.0;0.0;0;0.0;0.0;0.0;0.0;1;0;0;1
100.0;20.0;0.0;0.0;0.0;0.0;0.0;0.0;0.0;0;0.0;0.0;0.0;0.0;1;0;0;1
120.0;20.0;0.0;0.0;0.0;0.0;0.0;0.0;0.0;0;0.0;0.0;0.0;0.0;1;0;0;1
140.0;20.0;0.0;0.0;0.0;0.0;0.0;0.0;0.0;0;0.0;0.0;0.0;0.0;1;0;0;1
160.0;20.0;0.0;0.0;0.0;0.0;0.0;0.0;0.0;0;0.0;0.0;0.0;0.0;1;0;0;1
180.0;20.0;0.000280000001192;0.0;0.0;0.0;0.0;0;0.000280000001192;0;0.0;0.0;0.0;0.0;1;0;0;1
200.0;20.0;0.000333333333333;0.0;0.0;0.0;0.0;0;0.000333333333333;0;0.0;0.0;0.0;0.0;1;0;0;1
220.0;20.0;0.000333333333333;0.0;0.0;0.0;0.0;0;0.000333333333333;0;0.0;0.0;0.0;0.0;1;0;0;1
240.0;20.0;0.000333333333333;0.0;0.0;0.0;0.0;0.000100639464951;5.33333321412e-05;0;0.0;0.000179360536241;0.0;0.0;1;0;0;1
260.0;20.0;0.000333333333333;0.000179360536241;1.61740803476e-06;3.23481606951e-05;0.000147012375546;9.88110004982e-05;0;0;3.22592576043e-05;0.000413793965986;0.0;0.0;1;0.904473844149;0;1
271.4998;11.4998;0.000191663333333;0.000413793965986;6.97338584069e-06;8.01925424908e-05;0.000333601423495;5.6343509225e-05;0;0;7.99725465806e-05;0.000548893794184;1.08420217249e-19;0.0;1;0.949996555684;0;2
281.0843;9.5845;0.000159741666667;0.000548893794184;1.14269567358e-05;0.000109521666834;0.000439372127349;4.66754725454e-05;0;0;0.000109222077543;0.000661660399013;0.0;0.0;1;0.950001569141;0;2
289.5886;8.5043;0.000141738333333;0.000661660399013;1.58407313902e-05;0.000134714331961;0.000526946067052;4.12152631351e-05;0;0;0.000134346907455;0.000761816044705;-1.08420217249e-19;0.0;1;0.950001044869;0;2
297.3634;7.7748;0.00012958;0.000761816044705;2.02665116889e-05;0.000157568075079;0.000604247969626;3.75279243126e-05;0;0;0.000157139602689;0.000853439648002;0.0;0.0;1;0.950000759532;0;2
304.5984;7.235;0.000120583333333;0.000853439648002;2.47169616606e-05;0.000178827217614;0.000674612430388;3.48012283974e-05;0;0;0.000178342425498;0.000938736960823;0.0;0.0;1;0.949997640883;0;2
311.411;6.8126;0.000113543333333;0.000938736960823;2.91952213714e-05;0.000198895365115;0.000739841595708;3.26695767436e-05;0;0;0.000198357858949;0.00101907321125;0.0;0.0;1;0.950001701637;0;2
317.8801;6.4691;0.000107818333333;0.00101907321125;3.37014059406e-05;0.00021801776517;0.000801055446076;3.09380364335e-05;0;0;0.000217430459867;0.00109536620284;0.0;0.0;1;0.949994438143;0;2
324.0622;6.1821;0.000103035;0.00109536620284;3.82344394115e-05;0.000236369127886;0.000858997074956;2.94929896317e-05;0;0;0.000235734439382;0.00116827352471;0.0;0.0;1;0.950006182293;0;2
329.9992;5.937;9.895e-05;0.00116827352471;4.27930118471e-05;0.000254062111336;0.00091421141337;2.82604415564e-05;0;0;0.00025338212585;0.00123828309766;0.0;0.0;1;0.950002537187;0;2
335.7235;5.7243;9.5405e-05;0.00123828309766;4.73755507098e-05;0.000271191864928;0.000967091232735;2.71921320723e-05;0;0;0.000270467282953;0.00130577138362;0.0;0.0;1;0.950005197124;0;2
341.2606;5.5371;9.2285e-05;0.00130577138362;5.19805392567e-05;0.000287821443918;0.0010179499397;2.62530771831e-05;0;0;0.000287046192971;0.00137102805549;0.0;0.0;1;0.949992042245;0;2
346.6313;5.3707;8.95116666667e-05;0.00137102805549;5.66059410082e-05;0.000304013527373;0.00106701452811;2.54193420867e-05;0;0;0.000303161567078;0.00143426841977;-2.16840434497e-19;0.0;1;0.949998531083;0;2
351.8526;5.2213;8.70216666667e-05;0.00143426841977;6.12484371627e-05;0.000319796464958;0.00111447195481;2.46716765172e-05;0;0;0.000318801148636;0.0014956230936;0.0;0.0;1;0.950003238466;0;2
356.9387;5.0861;8.47683333333e-05;0.0014956230936;6.59013254699e-05;0.000335180731472;0.00116044236213;2.39958634515e-05;0;0;0.000333911993993;0.001555126826;2.16840434497e-19;0.0;1;0.950006910832;0;2
361.9016;4.9629;8.2715e-05;0.001555126826;7.05523771822e-05;0.000350144392718;0.00120498243329;2.33807395094e-05;0;0;0.000348392631144;0.00161270932492;0.0;0.0;1;0.950007321525;0;2
366.7515;4.8499;8.08316666667e-05;0.00161270932492;7.5181860417e-05;0.000364624504837;0.00124808482008;2.28171932394e-05;0;0;0.000362099203241;0.00166819849675;0.0;0.0;1;0.949991984223;0;2
371.4974;4.7459;7.90983333333e-05;0.00166819849675;7.97616326808e-05;0.00037854073254;0.00128965776421;2.2299061338e-05;0;0;0.000374887108024;0.00172134414423;0.0;0.0;1;0.949999682414;0;2
376.147;4.6496;7.74933333333e-05;0.00172134414423;8.42561794235e-05;0.000391757531848;0.00132958661238;2.18198070874e-05;0;0;0.000386588950428;0.00177184908906;0.0;0.0;1;0.95000051647;0;2
380.7071;4.5601;7.60016666667e-05;0.00177184908906;8.86247320386e-05;0.000404137640569;0.00136771144849;2.13748501892e-05;0;0;0.000397075885513;0.00181941415048;0.0;0.0;1;0.950003186852;0;2
385.1837;4.4766;7.461e-05;0.00181941415048;9.28250930029e-05;0.000415540811337;0.00140387333914;2.09601397184e-05;0;0;0.000406255312;0.00186377851142;0.0;0.0;1;0.950005380793;0;2
389.5821;4.3984;7.33066666667e-05;0.00186377851142;9.68175857805e-05;0.000425842469297;0.00143793604213;2.05721427947e-05;0;0;0.000414080685365;0.00190475125136;0.0;0.0;1;0.949999325046;0;2
393.9071;4.325;7.20833333333e-05;0.00190475125136;0.000100568576787;0.000434959094606;0.00146979215676;2.02083019192e-05;0;0;0.000420563400124;0.0019422305883;-2.16840434497e-19;0.0;1;0.949998571634;0;2
398.163;4.2559;7.09316666667e-05;0.0019422305883;0.000104053044754;0.000442839353167;0.00149939123513;1.98660917397e-05;0;0;0.000425750586773;0.00197620739683;0.0;0.0;1;0.949999712115;0;2
402.3537;4.1907;6.9845e-05;0.00197620739683;0.000107255669648;0.000449476334794;0.00152673106203;1.95434810421e-05;0;0;0.000429725873983;0.00200675845498;0.0;0.0;1;0.950006567824;0;2
406.4827;4.129;6.88166666667e-05;0.00200675845498;0.000110170786641;0.000454895178039;0.00155186327694;1.92384614758e-05;0;0;0.000432589962734;0.00203403144486;0.0;0.0;1;0.950010523719;0;2
410.5531;4.0704;6.784e-05;0.00203403144486;0.000112801326646;0.000459146519979;0.00157488492488;1.89490449452e-05;0;0;0.000434450807149;0.00205822668709;-4.33680868994e-19;0.0;1;0.949991551086;0;2
414.5679;4.0148;6.69133333333e-05;0.00205822668709;0.000115157210348;0.000462333168106;0.00159589351898;1.86746556621e-05;0;0;0.000435448163891;0.00207958036054;0.0;0.0;1;0.949990088251;0;2
418.5298;3.9619;6.60316666667e-05;0.00207958036054;0.000117253698348;0.000464547427485;0.00161503293306;1.84137997043e-05;0;0;0.000435695467214;0.00209834626723;4.33680868994e-19;0.0;1;0.949993608914;0;2
422.4413;3.9115;6.51916666667e-05;0.00209834626723;0.000119109467596;0.000465896682501;0.00163244958473;1.81654602643e-05;0;0;0.000435306940441;0.00211478273158;-4.33680868994e-19;0.0;1;0.95000617452;0;2
426.3046;3.8633;6.43883333333e-05;0.00211478273158;0.000120745110763;0.000466474586411;0.00164830814517;1.79281668704e-05;0;0;0.000434373535068;0.0021291418467;-4.33680868994e-19;0.0;1;0.950001605983;0;2
430.1218;3.8172;6.362e-05;0.0021291418467;0.000122181836066;0.00046639250463;0.00166274934207;1.77013865451e-05;0;0;0.000432995230092;0.00214166318561;0.0;0.0;1;0.94999675829;0;2
433.8949;3.7731;6.2885e-05;0.00214166318561;0.00012344061062;0.000465753767929;0.00167590941768;1.74845928336e-05;0;0;0.000431259290939;0.00215256911579;0.0;0.0;1;0.950005083322;0;2
437.6257;3.7308;6.218e-05;0.00215256911579;0.000124541483102;0.000464639365159;0.00168792975063;1.72768024288e-05;0;0;0.000429229115177;0.00216206206338;0.0;0.0;1;0.950011392171;0;2
441.3158;3.6901;6.15016666667e-05;0.00216206206338;0.000125503128372;0.000463119094006;0.00169894296937;1.70770389002e-05;0;0;0.000426956218718;0.00217032381586;0.0;0.0;1;0.949996124958;0;2
444.9668;3.651;6.085e-05;0.00217032381586;0.000126342627088;0.000461276931498;0.00170904688436;1.68852564674e-05;0;0;0.000424504669385;0.00217751629728;0.0;0.0;1;0.949987649546;0;2
448.5802;3.6134;6.02233333333e-05;0.00217751629728;0.000127075423526;0.00045917433537;0.00171834196191;1.67009503671e-05;0;0;0.000421917885037;0.00218378222991;0.0;0.0;1;0.949986866149;0;2
452.1574;3.5772;5.962e-05;0.00218378222991;0.000127715297336;0.00045686316163;0.00172691906828;1.65236198851e-05;0;0;0.000419231110577;0.00218924655897;-4.33680868994e-19;0.0;1;0.949992247619;0;2
455.6997;3.5423;5.90383333333e-05;0.00218924655897;0.000128274434067;0.000454386527795;0.00173486003118;1.63527680257e-05;0;0;0.000416472495543;0.00219401809203;0.0;0.0;1;0.94999997548;0;2
459.2083;3.5086;5.84766666667e-05;0.00219401809203;0.00012876353513;0.000451779739358;0.00174223835267;1.61879012142e-05;0;0;0.000413664083215;0.00219819120134;-4.33680868994e-19;0.0;1;0.950004064184;0;2
462.6843;3.476;5.79333333333e-05;0.00219819120134;0.000129191948153;0.000449071211781;0.00174911998955;1.60285290307e-05;0;0;0.000410822696275;0.00220184749013;0.0;0.0;1;0.949996474823;0;2
466.1288;3.4445;5.74083333333e-05;0.00220184749013;0.000129567804556;0.000446296302794;0.00175555118734;1.58746245888e-05;0;0;0.000407972559998;0.00220505745608;0.0;0.0;1;0.949994799438;0;2
469.5428;3.414;5.69e-05;0.00220505745608;0.000129898165292;0.000443472336308;0.00176158511977;1.57257021204e-05;0;0;0.000405122379374;0.00220788179703;-4.33680868994e-19;0.0;1;0.949988179055;0;2
472.9273;3.3845;5.64083333333e-05;0.00220788179703;0.000130189136244;0.000440625131618;0.00176725666541;1.55817385646e-05;0;0;0.000402289535799;0.00221037279598;0.0;0.0;1;0.949992023345;0;2
476.2832;3.3559;5.59316666667e-05;0.00221037279598;0.000130445996614;0.000437763720037;0.00177260907594;1.54422521746e-05;0;0;0.000399476887647;0.00221257537808;0.0;0.0;1;0.94999291131;0;2
479.6114;3.3282;5.547e-05;0.00221257537808;0.000130673297212;0.000434906867782;0.0017776685103;1.5307223165e-05;0;0;0.000396696912923;0.00221452820005;0.0;0.0;1;0.950004294385;0;2
482.9127;3.3013;5.50216666667e-05;0.00221452820005;0.000130874964838;0.000432057521421;0.00178247067863;1.51761732868e-05;0;0;0.000393948291242;0.00221626446326;0.0;0.0;1;0.95001041103;0;2
486.1878;3.2751;5.4585e-05;0.00221626446326;0.000131054380222;0.000429216200666;0.00178704826259;1.50486263039e-05;0;0;0.000391228060006;0.00221781269629;0.0;0.0;1;0.949993939825;0;2
489.4375;3.2497;5.41616666667e-05;0.00221781269629;0.000131214454359;0.000426407612331;0.00179140508396;1.49250259869e-05;0;0;0.000388555789022;0.00221919751366;0.0;0.0;1;0.949994531471;0;2
492.6625;3.225;5.375e-05;0.00221919751366;0.000131357703542;0.000423628593924;0.00179556891974;1.48048981083e-05;0;0;0.000385926052763;0.00222044007439;4.33680868994e-19;0.0;1;0.949993723458;0;2
495.8635;3.201;5.335e-05;0.00222044007439;0.000131486294248;0.000420887627888;0.0017995524465;1.4688228836e-05;0;0;0.000383344402979;0.00222155862065;0.0;0.0;1;0.950001299279;0;2
499.0411;3.1776;5.296e-05;0.00222155862065;0.000131602096931;0.000418178823209;0.00180337979744;1.45745465189e-05;0;0;0.000380803607962;0.00222256885888;0.0;0.0;1;0.949996859795;0;2
502.1959;3.1548;5.258e-05;0.00222256885888;0.000131706724015;0.000415508372923;0.00180706048596;1.44638393473e-05;0;0;0.000378307711298;0.00222348435791;0.0;0.0;1;0.949988768548;0;2
505.3285;3.1326;5.221e-05;0.00222348435791;0.000131801569998;0.000412881598176;0.00181060275973;1.43560960455e-05;0;0;0.000375860186469;0.00222431685016;-4.33680868994e-19;0.0;1;0.949985154285;0;2
508.4395;3.111;5.185e-05;0.00222431685016;0.000131887841815;0.000410303075887;0.00181401377427;1.425130584e-05;0;0;0.000373464021728;0.00222507649016;4.33680868994e-19;0.0;1;0.949993921451;0;2
511.5294;3.0899;5.14983333333e-05;0.00222507649016;0.000131966584975;0.000407763550913;0.00181731293925;1.4149000701e-05;0;0;0.000371109781617;0.00222577205349;0.0;0.0;1;0.949992015053;0;2
514.5987;3.0693;5.1155e-05;0.00222577205349;0.00013203870368;0.000405266393204;0.00182050566029;1.40491714794e-05;0;0;0.000368799667336;0.00222641115615;-4.33680868994e-19;0.0;1;0.949986097141;0;2
517.648;3.0493;5.08216666667e-05;0.00222641115615;0.000132104983185;0.000402827725225;0.00182358343092;1.39522667952e-05;0;0;0.000366547603988;0.00222700043478;0.0;0.0;1;0.95001381111;0;2
520.6776;3.0296;5.04933333333e-05;0.00222700043478;0.000132166108195;0.000400410441389;0.00182658999339;1.38569059356e-05;0;0;0.000364319184563;0.00222754560535;0.0;0.0;1;0.949988213458;0;2
523.6881;3.0105;5.0175e-05;0.00222754560535;0.000132222668716;0.00039805634417;0.00182948926118;1.37644533415e-05;0;0;0.000362151894715;0.00222805170256;0.0;0.0;1;0.950008528932;0;2
526.6798;2.9917;4.98616666667e-05;0.00222805170256;0.00013227518471;0.000395727670096;0.00183232403246;1.36735299662e-05;0;0;0.000360010898088;0.00222852306725;4.33680868994e-19;0.0;1;0.949986305408;0;2
529.6532;2.9734;4.95566666667e-05;0.00222852306725;0.000132324104654;0.000393452492779;0.00183507057447;1.35850431287e-05;0;0;0.000357921325934;0.00222896352394;0.0;0.0;1;0.949989742155;0;2
532.6087;2.9555;4.92583333333e-05;0.00222896352394;0.00013236982385;0.000391219014388;0.00183774450955;1.34985291087e-05;0;0;0.000355872089071;0.00222937640285;0.0;0.0;1;0.949992439872;0;2
535.5467;2.938;4.89666666667e-05;0.00222937640285;0.000132412686621;0.000389028473292;0.00184034792956;1.34139816528e-05;0;0;0.00035386400704;0.00222976462161;0.0;0.0;1;0.949999240525;0;2
538.4676;2.9209;4.86816666667e-05;0.00222976462161;0.000132452994731;0.00038688195231;0.0018428826693;1.33313947462e-05;0;0;0.000351897798806;0.00223013074003;0.0;0.0;1;0.950014873458;0;2
541.3717;2.9041;4.84016666667e-05;0.00223013074003;0.000132491013009;0.000384767150879;0.00184536358915;1.32503064903e-05;0;0;0.000349962045832;0.00223047699516;-4.33680868994e-19;0.0;1;0.950011246851;0;2
544.2593;2.8876;4.81266666667e-05;0.00223047699516;0.000132526972949;0.000382684887088;0.00184779210807;1.31707119021e-05;0;0;0.000348057293436;0.00223080535627;0.0;0.0;1;0.949992133413;0;2
547.1308;2.8715;4.78583333333e-05;0.00223080535627;0.000132561078384;0.000380649136581;0.00185015621969;1.30930619996e-05;0;0;0.000346196079414;0.00223111757044;0.0;0.0;1;0.949994306006;0;2
549.9865;2.8557;4.7595e-05;0.00223111757044;0.000132593510189;0.000378647287048;0.00185247028339;1.30168959055e-05;0;0;0.000344366781553;0.00223141516904;0.0;0.0;1;0.949988837261;0;2
552.8268;2.8403;4.73383333333e-05;0.00223141516904;0.000132624426937;0.000376693159828;0.00185472200921;1.29426647069e-05;0;0;0.000342581838586;0.00223169951642;0.0;0.0;1;0.950012695995;0;2
555.6519;2.8251;4.7085e-05;0.00223169951642;0.000132653969931;0.000374760730451;0.00185693878597;1.28694527555e-05;0;0;0.000340817467876;0.00223197180109;0.0;0.0;1;0.95000279154;0;2
558.4621;2.8102;4.68366666667e-05;0.00223197180109;0.000132682262277;0.000372863693452;0.00185910810764;1.27977117267e-05;0;0;0.000339086024575;0.00223223308715;4.33680868994e-19;0.0;1;0.949995582927;0;2
561.2577;2.7956;4.65933333333e-05;0.00223223308715;0.000132709414217;0.000371002438385;0.00186123064877;1.27274376166e-05;0;0;0.000337387775676;0.00223248432016;0.0;0.0;1;0.949994374688;0;2
564.039;2.7813;4.6355e-05;0.00223248432016;0.00013273552372;0.000369177312122;0.00186330700804;1.26586265571e-05;0;0;0.000335722960258;0.00223272634174;0.0;0.0;1;0.950002403869;0;2
566.8062;2.7672;4.612e-05;0.00223272634174;0.000132760677999;0.00036737534816;0.00186535099358;1.25908199387e-05;0;0;0.000334079720106;0.00223295989375;0.0;0.0;1;0.949988511956;0;2
569.5596;2.7534;4.589e-05;0.00223295989375;0.000132784953936;0.000365610092168;0.00186734980158;1.25244694025e-05;0;0;0.000332470315034;0.00223318564721;0.0;0.0;1;0.949989622629;0;2
572.2995;2.7399;4.5665e-05;0.00223318564721;0.000132808421079;0.000363881792915;0.00186930385429;1.24595714423e-05;0;0;0.000330894919713;0.00223340420256;4.33680868994e-19;0.0;1;0.950008791931;0;2
575.0261;2.7266;4.54433333333e-05;0.00223340420256;0.000132831141667;0.00036217739087;0.00187122681169;1.23956681707e-05;0;0;0.00032934161333;0.00223361609019;0.0;0.0;1;0.950014174125;0;2
577.7396;2.7135;4.5225e-05;0.00223361609019;0.000132853170679;0.000360497078637;0.00187311901155;1.23327567938e-05;0;0;0.000327810531653;0.00223382178641;0.0;0.0;1;0.950008037488;0;2
580.4402;2.7006;4.501e-05;0.00223382178641;0.000132874557493;0.000358841029966;0.00187498075644;1.22708346044e-05;0;0;0.000326301797977;0.00223402171981;0.0;0.0;1;0.949992607823;0;2
583.1282;2.688;4.48e-05;0.00223402171981;0.000132895346543;0.000357222691508;0.00187679902831;1.22103531142e-05;0;0;0.000324827608909;0.0022342162841;0.0;0.0;1;0.950005412171;0;2
585.8038;2.6756;4.45933333333e-05;0.0022342162841;0.000132915578649;0.000355628922234;0.00187858736187;1.21508552939e-05;0;0;0.000323375987821;0.00223440582773;-4.33680868994e-19;0.0;1;0.950013744062;0;2
588.4671;2.6633;4.43883333333e-05;0.00223440582773;0.00013293528994;0.000354046557698;0.00188035927003;1.2091884785e-05;0;0;0.000321934940401;0.00223459065898;4.33680868994e-19;0.0;1;0.949984032327;0;2
591.1184;2.6513;4.41883333333e-05;0.00223459065898;0.00013295451238;0.000352502298673;0.00188208836031;1.20343472387e-05;0;0;0.000320528724721;0.00223477107112;0.0;0.0;1;0.949989354105;0;2
593.7579;2.6395;4.39916666667e-05;0.00223477107112;0.00013297327638;0.000350982963004;0.00188378810812;1.1977786208e-05;0;0;0.000319145335349;0.00223494732393;0.0;0.0;1;0.949996390263;0;2
596.3858;2.6279;4.37983333333e-05;0.00223494732393;0.000132991608876;0.000349488648965;0.00188545867496;1.19221994497e-05;0;0;0.000317784845048;0.00223511965389;0.0;0.0;1;0.950007129579;0;2
599.0022;2.6164;4.36066666667e-05;0.00223511965389;0.000133009534394;0.000348006145788;0.0018871135081;1.1867131329e-05;0;0;0.000316435226787;0.00223528827023;-4.33680868994e-19;0.0;1;0.949987217468;0;2
601.6074;2.6052;4.342e-05;0.00223528827023;0.000133027074626;0.000346562134815;0.00188872613541;1.18134868617e-05;0;0;0.000315120728407;0.00223545337696;0.0;0.0;1;0.950010879472;0;2
604.2015;2.5941;4.3235e-05;0.00223545337696;0.000133044250732;0.000345130090823;0.00189032328614;1.1760357073e-05;0;0;0.00031381721937;0.00223561514843;0.0;0.0;1;0.950007389729;0;2
606.7847;2.5832;4.30533333333e-05;0.00223561514843;0.00013306108079;0.000343723383897;0.00189189176453;1.17081935261e-05;0;0;0.00031253684649;0.00223577375083;0.0;0.0;1;0.950014763075;0;2
609.3571;2.5724;4.28733333333e-05;0.00223577375083;0.000133077582035;0.000342328772027;0.0018934449788;1.16565412391e-05;0;0;0.000311267559994;0.00223592933089;0.0;0.0;1;0.949997901415;0;2
611.9189;2.5618;4.26966666667e-05;0.00223592933089;0.000133093769682;0.000340959619172;0.00189496971172;1.16058516611e-05;0;0;0.000310021503111;0.00223608202984;0.0;0.0;1;0.949995080002;0;2
614.4703;2.5514;4.25233333333e-05;0.00223608202984;0.000133109658377;0.000339615982382;0.00189646604746;1.15561229435e-05;0;0;0.000308798720297;0.00223623197814;-4.33680868994e-19;0.0;1;0.950008077944;0;2
617.0114;2.5411;4.23516666667e-05;0.00223623197814;0.00013312526165;0.00033828460238;0.00189794737576;1.15069005578e-05;0;0;0.00030758714884;0.00223637929071;-4.33680868994e-19;0.0;1;0.950001260272;0;2
619.5424;2.531;4.21833333333e-05;0.00223637929071;0.000133140591417;0.000336978836878;0.00189940045383;1.14586357827e-05;0;0;0.000306398928477;0.00223652407986;-4.33680868994e-19;0.0;1;0.9500132867;0;2
622.0634;2.521;4.20166666667e-05;0.00223652407986;0.000133155659326;0.000335685417162;0.0019008386627;1.14108743747e-05;0;0;0.000305221989281;0.00223666644427;0.0;0.0;1;0.950008174756;0;2
624.5745;2.5111;4.18516666667e-05;0.00223666644427;0.000133170475609;0.000334404381302;0.00190226206297;1.13636150567e-05;0;0;0.000304056361198;0.00223680647578;0.0;0.0;1;0.94998700894;0;2
627.0759;2.5014;4.169e-05;0.00223680647578;0.000133185049788;0.00033314908354;0.00190365739224;1.13173089274e-05;0;0;0.000302914182302;0.00223694426561;-4.33680868994e-19;0.0;1;0.949988835596;0;2
629.5678;2.4919;4.15316666667e-05;0.00223694426561;0.000133199391325;0.000331919563242;0.00190502470237;1.12719543969e-05;0;0;0.000301795484484;0.00223707989912;0.0;0.0;1;0.950015289472;0;2
632.0502;2.4824;4.13733333333e-05;0.00223707989912;0.000133213509071;0.000330689214917;0.00190639068421;1.12266456049e-05;0;0;0.000300676073423;0.00223721344536;0.0;0.0;1;0.949991442365;0;2
634.5233;2.4731;4.12183333333e-05;0.00223721344536;0.000133227410183;0.000329484708123;0.00190772873724;1.11822859081e-05;0;0;0.000299580195152;0.00223734497981;0.0;0.0;1;0.949994555192;0;2
636.9872;2.4639;4.1065e-05;0.00223734497981;0.000133241102491;0.000328292752428;0.00190905222738;1.11384218511e-05;0;0;0.000298495762632;0.00223747456816;-4.33680868994e-19;0.0;1;0.94998764449;0;2
639.4421;2.4549;4.0915e-05;0.00223747456816;0.000133254592806;0.000327126699879;0.00191034786829;1.1095504233e-05;0;0;0.000297434913494;0.00223760227755;0.0;0.0;1;0.950010389848;0;2
641.888;2.4459;4.0765e-05;0.00223760227755;0.000133267888089;0.000325959927477;0.00191164235007;1.10526280511e-05;0;0;0.000296373438855;0.00223772816087;0.0;0.0;1;0.949986643426;0;2
644.3251;2.4371;4.06183333333e-05;0.00223772816087;0.000133280993825;0.00032481911005;0.00191290905082;1.10106960442e-05;0;0;0.000295335590327;0.00223785227844;0.0;0.0;1;0.94999475272;0;2
646.7535;2.4284;4.04733333333e-05;0.00223785227844;0.000133293916266;0.000323690946262;0.00191416133218;1.09692552371e-05;0;0;0.000294309271969;0.00223797468224;4.33680868994e-19;0.0;1;0.949997095652;0;2
649.1733;2.4198;4.033e-05;0.00223797468224;0.000133306660806;0.000322575457818;0.00191539922442;1.09283046519e-05;0;0;0.00029329450181;0.00223809542158;0.0;0.0;1;0.949994593944;0;2
651.5846;2.4113;4.01883333333e-05;0.00223809542158;0.000133319232554;0.000321472665458;0.00191662275612;1.08878433341e-05;0;0;0.000292291297145;0.00223821454327;0.0;0.0;1;0.949988156556;0;2
653.9876;2.403;4.005e-05;0.00223821454327;0.000133331636365;0.000320395922184;0.00191781862109;1.08483217158e-05;0;0;0.000291311797428;0.0022383320968;-4.33680868994e-19;0.0;1;0.950018214636;0;2
656.3823;2.3947;3.99116666667e-05;0.0022383320968;0.000133343877371;0.000319318583141;0.00191901351366;1.08088359906e-05;0;0;0.000290331775164;0.0022384481195;-4.33680868994e-19;0.0;1;0.950006855662;0;2
658.7688;2.3865;3.9775e-05;0.0022384481195;0.000133355959442;0.000318253997208;0.00192019412229;1.07698368034e-05;0;0;0.000289363366331;0.00223856265182;0.0;0.0;1;0.94999421175;0;2
661.1472;2.3784;3.964e-05;0.00223856265182;0.000133367886771;0.000317202181896;0.00192136046992;1.07313232849e-05;0;0;0.000288406585753;0.00223867573239;0.0;0.0;1;0.94998114356;0;2
663.5177;2.3705;3.95083333333e-05;0.00223867573239;0.000133379663363;0.000316176492003;0.00192249924039;1.06937456224e-05;0;0;0.00028747357486;0.00223878740296;0.0;0.0;1;0.950008576608;0;2
665.8803;2.3626;3.93766666667e-05;0.00223878740296;0.00013339129355;0.000315150270142;0.00192363713281;1.06562007527e-05;0;0;0.000286540095299;0.00223889769403;0.0;0.0;1;0.949997462889;0;2
668.2351;2.3548;3.92466666667e-05;0.00223889769403;0.000133402780492;0.000314136867502;0.00192476082652;1.06191390636e-05;0;0;0.000285618285404;0.00223900663953;0.0;0.0;1;0.949988437029;0;2
670.5822;2.3471;3.91183333333e-05;0.00223900663953;0.000133414127707;0.000313136299141;0.00192587034039;1.05825597617e-05;0;0;0.00028470815808;0.00223911427204;0.0;0.0;1;0.949982315411;0;2
672.9217;2.3395;3.89916666667e-05;0.00223911427204;0.000133425338573;0.000312148579591;0.00192696569245;1.05464620713e-05;0;0;0.000283809725815;0.00223922062286;-4.33680868994e-19;0.0;1;0.949979903923;0;2
675.2537;2.332;3.88666666667e-05;0.00223922062286;0.000133436416335;0.000311173722894;0.00192804689997;1.05108452339e-05;0;0;0.000282923000702;0.0022393257221;4.33680868994e-19;0.0;1;0.949981998173;0;2
677.5783;2.3246;3.87433333333e-05;0.0022393257221;0.000133447364117;0.000310211742626;0.00192911397948;1.04757085072e-05;0;0;0.000282047994464;0.00223942959877;0.0;0.0;1;0.949989383717;0;2
679.8956;2.3173;3.86216666667e-05;0.00223942959877;0.000133458184925;0.000309262651926;0.00193016694684;1.04410511653e-05;0;0;0.000281184718467;0.00223953228081;0.0;0.0;1;0.95000283626;0;2
682.2056;2.31;3.85e-05;0.00223953228081;0.000133468881658;0.000308313116631;0.00193121916418;1.04064220785e-05;0;0;0.000280321048631;0.00223963379073;-4.33680868994e-19;0.0;1;0.949981997107;0;2
684.5085;2.3029;3.83816666667e-05;0.00223963379073;0.000133479456649;0.000307389840717;0.00193224395001;1.03727215385e-05;0;0;0.000279481263979;0.00223973415912;4.33680868994e-19;0.0;1;0.950009616867;0;2
686.8043;2.2958;3.82633333333e-05;0.00223973415912;0.000133489913071;0.000306466142427;0.00193326801669;1.03390480227e-05;0;0;0.000278641104751;0.00223983340676;0.0;0.0;1;0.950004195537;0;2
689.0931;2.2888;3.81466666667e-05;0.00223983340676;0.000133500253076;0.000305555379241;0.00193427802751;1.03058513555e-05;0;0;0.00027781271526;0.00223993155809;-4.33680868994e-19;0.0;1;0.950007471834;0;2
691.375;2.2819;3.80316666667e-05;0.00223993155809;0.000133510479202;0.00030465756249;0.0019352739956;1.02731308806e-05;0;0;0.000276996105402;0.00224002863678;0.0;0.0;1;0.950020178956;0;2
693.65;2.275;3.79166666667e-05;0.00224002863678;0.000133520593902;0.000303759351127;0.00193626928566;1.02404358982e-05;0;0;0.000276179145058;0.00224012466148;0.0;0.0;1;0.950001283029;0;2
695.9182;2.2682;3.78033333333e-05;0.00224012466148;0.000133530599108;0.000302874104897;0.00193725055659;1.02082160483e-05;0;0;0.000275373980639;0.00224021965451;0.0;0.0;1;0.949992884128;0;2
698.1797;2.2615;3.76916666667e-05;0.00224021965451;0.000133540497136;0.000302001834272;0.00193821782024;1.01764707107e-05;0;0;0.000274580621324;0.00224031363752;0.0;0.0;1;0.949995693295;0;2
700.4346;2.2549;3.75816666667e-05;0.00224031363752;0.000133550290231;0.000301142549441;0.00193917108808;1.01451992782e-05;0;0;0.000273799076056;0.00224040663152;0.0;0.0;1;0.950010413233;0;2
702.6829;2.2483;3.74716666667e-05;0.00224040663152;0.000133559980573;0.000300282904323;0.0019401237272;1.01139513758e-05;0;0;0.000273017210276;0.00224049865276;0.0;0.0;1;0.949995484527;0;2
704.9247;2.2418;3.73633333333e-05;0.00224049865276;0.000133569569847;0.000299436261683;0.00194106239108;1.00831764043e-05;0;0;0.000272247173159;0.00224058972117;0.0;0.0;1;0.949993480771;0;2
707.1601;2.2354;3.72566666667e-05;0.00224058972117;0.000133579060118;0.000298602630987;0.00194198709018;1.0052873789e-05;0;0;0.000271488973043;0.0022406798561;-4.33680868994e-19;0.0;1;0.950005084091;0;2
709.3891;2.229;3.715e-05;0.0022406798561;0.000133588453395;0.000297768662618;0.00194291119349;1.00225933879e-05;0;0;0.000270730472234;0.00224076907233;0.0;0.0;1;0.949988349349;0;2
711.6118;2.2227;3.7045e-05;0.00224076907233;0.00013359775121;0.000296947721614;0.00194382135072;9.99278442577e-06;0;0;0.000269983821979;0.00224085738827;0.0;0.0;1;0.949986201004;0;2
713.8283;2.2165;3.69416666667e-05;0.00224085738827;0.000133606955472;0.000296139816803;0.00194471757147;9.96344635759e-06;0;0;0.000269249030073;0.00224094482185;0.0;0.0;1;0.949999301587;0;2
716.0386;2.2103;3.68383333333e-05;0.00224094482185;0.000133616068042;0.000295331595193;0.00194561322666;9.9341292674e-06;0;0;0.000268513955825;0.00224103138655;4.33680868994e-19;0.0;1;0.949985326228;0;2
718.2428;2.2042;3.67366666667e-05;0.00224103138655;0.000133625090317;0.000294536424076;0.00194649496247;9.90528220663e-06;0;0;0.000267790752529;0.00224111709946;0.0;0.0;1;0.949987545762;0;2
720.441;2.1982;3.66366666667e-05;0.00224111709946;0.00013363402407;0.000293754311711;0.00194736278775;9.8769046583e-06;0;0;0.000267079427495;0.00224120197725;0.0;0.0;1;0.950006603759;0;2
722.6332;2.1922;3.65366666667e-05;0.00224120197725;0.000133642871032;0.000292971901877;0.00194823007538;9.84854692498e-06;0;0;0.000266367837156;0.00224128603227;0.0;0.0;1;0.949999800942;0;2
724.8195;2.1863;3.64383333333e-05;0.00224128603227;0.000133651632482;0.000292202564096;0.00194908346818;9.82065788829e-06;0;0;0.000265668136828;0.00224136928045;-4.33680868994e-19;0.0;1;0.950010749496;0;2
726.9999;2.1804;3.634e-05;0.00224136928045;0.000133660310073;0.000291432940084;0.00194993634037;9.7927879917e-06;0;0;0.000264968181105;0.00224145173348;0.0;0.0;1;0.949996503783;0;2
729.1745;2.1746;3.62433333333e-05;0.00224145173348;0.000133668905018;0.000290676400852;0.00195077533263;9.76538600432e-06;0;0;0.000264280126652;0.00224153340661;0.0;0.0;1;0.950000900918;0;2
731.3433;2.1688;3.61466666667e-05;0.00224153340661;0.000133677418898;0.000289919586107;0.0019516138205;9.73800250772e-06;0;0;0.000263591826269;0.00224161431093;0.0;0.0;1;0.949980749442;0;2
733.5064;2.1631;3.60516666667e-05;0.00224161431093;0.000133685852864;0.000289175868331;0.0019524384426;9.71108616003e-06;0;0;0.00026291543795;0.00224169446106;0.0;0.0;1;0.949980106952;0;2
735.6639;2.1575;3.59583333333e-05;0.00224169446106;0.000133694208433;0.000288445254694;0.00195324920636;9.68463650008e-06;0;0;0.000262250968065;0.00224177387126;0.0;0.0;1;0.949999567229;0;2
737.8158;2.1519;3.5865e-05;0.00224177387126;0.000133702487086;0.00028771438196;0.0019540594893;9.65820431306e-06;0;0;0.000261586266786;0.00224185255178;-4.33680868994e-19;0.0;1;0.949995565093;0;2
739.9622;2.1464;3.57733333333e-05;0.00224185255178;0.000133710689884;0.000286996624766;0.00195485592701;9.63223809473e-06;0;0;0.000260933494053;0.0022419305163;0.0;0.0;1;0.950012473343;0;2
742.1031;2.1409;3.56816666667e-05;0.0022419305163;0.000133718818249;0.000286278617989;0.00195565189831;9.60628876177e-06;0;0;0.00026028049835;0.00224200777457;4.33680868994e-19;0.0;1;0.950006470981;0;2
744.2386;2.1355;3.55916666667e-05;0.00224200777457;0.00013372687319;0.000285573737697;0.00195643403687;9.58080470244e-06;0;0;0.000259639440911;0.00224208433974;4.33680868994e-19;0.0;1;0.950022126005;0;2
746.3687;2.1301;3.55016666667e-05;0.00224208433974;0.000133734856075;0.000284868616925;0.00195721572282;9.55533696247e-06;0;0;0.000258998168571;0.00224216022109;0.0;0.0;1;0.950015348571;0;2
748.4934;2.1247;3.54116666667e-05;0.00224216022109;0.000133742767863;0.000284163258878;0.00195799696222;9.5298853531e-06;0;0;0.00025835668416;0.00224223542769;0.0;0.0;1;0.949986169505;0;2
750.6128;2.1194;3.53233333333e-05;0.00224223542769;0.000133750609495;0.000283471041764;0.00195876438593;9.50489810255e-06;0;0;0.000257727150838;0.002242309972;-4.33680868994e-19;0.0;1;0.949979409149;0;2
752.727;2.1142;3.52366666667e-05;0.002242309972;0.000133758382266;0.000282791971787;0.00195951800021;9.48037480191e-06;0;0;0.000257109574135;0.00224238386621;0.0;0.0;1;0.949995466656;0;2
754.836;2.109;3.515e-05;0.00224238386621;0.000133766087442;0.000282112678416;0.00196027118779;9.45586674797e-06;0;0;0.000256491797695;0.00224245711874;0.0;0.0;1;0.949989640191;0;2
756.9399;2.1039;3.5065e-05;0.00224245711874;0.000133773725896;0.000281446541912;0.00196101057683;9.43182201468e-06;0;0;0.000255885986531;0.00224252974134;0.0;0.0;1;0.950006919717;0;2
759.0387;2.0988;3.498e-05;0.00224252974134;0.000133781298848;0.000280780190021;0.00196174955132;9.40779202099e-06;0;0;0.000255279982743;0.00224260174204;-4.33680868994e-19;0.0;1;0.950002239377;0;2
761.1325;2.0938;3.48966666667e-05;0.00224260174204;0.000133788807129;0.000280127004368;0.00196247473768;9.38422473874e-06;0;0;0.000254685952573;0.00224267313218;0.0;0.0;1;0.950020641452;0;2
763.2213;2.0888;3.48133333333e-05;0.00224267313218;0.000133796251919;0.000279473611008;0.00196319952117;9.36067170688e-06;0;0;0.000254091736607;0.0022427439194;0.0;0.0;1;0.950016644938;0;2
765.3051;2.0838;3.473e-05;0.0022427439194;0.00013380363401;0.000278820012551;0.00196392390685;9.33713276861e-06;0;0;0.000253497337155;0.00224281411124;0.0;0.0;1;0.949989697138;0;2
767.384;2.0789;3.46483333333e-05;0.00224281411124;0.000133810954183;0.000278179592651;0.00196463451859;9.31405574374e-06;0;0;0.000252914922288;0.00224288371846;0.0;0.0;1;0.94998481146;0;2
769.4581;2.0741;3.45683333333e-05;0.00224288371846;0.000133818213557;0.00027755235674;0.00196533136172;9.29144026738e-06;0;0;0.000252344496854;0.00224295275165;-4.33680868994e-19;0.0;1;0.950001587509;0;2
771.5274;2.0693;3.44883333333e-05;0.00224295275165;0.000133825413231;0.000276924927598;0.00196602782405;9.26883811237e-06;0;0;0.000251773898506;0.00224302121777;0.0;0.0;1;0.94999355458;0;2
773.592;2.0646;3.441e-05;0.00224302121777;0.000133832553928;0.00027631069084;0.00196671052693;9.2466969518e-06;0;0;0.000251215297077;0.00224308912706;0.0;0.0;1;0.950005573793;0;2
775.6519;2.0599;3.43316666667e-05;0.00224308912706;0.00013383963671;0.00027569626766;0.0019673928594;9.2245686725e-06;0;0;0.000250656528794;0.00224315648619;-4.33680868994e-19;0.0;1;0.949990621436;0;2
777.7072;2.0553;3.4255e-05;0.00224315648619;0.000133846662271;0.000275095044966;0.00196806144122;9.2029008504e-06;0;0;0.000250109764659;0.00224322330503;0.0;0.0;1;0.949993421024;0;2
779.758;2.0508;3.418e-05;0.00224322330503;0.000133853631636;0.000274507027759;0.00196871627727;9.18169314572e-06;0;0;0.000249575009143;0.00224328959327;0.0;0.0;1;0.95001271592;0;2
781.8043;2.0463;3.4105e-05;0.00224328959327;0.000133860545811;0.000273918834893;0.00196937075838;9.16049761389e-06;0;0;0.000249040096371;0.00224335535713;0.0;0.0;1;0.95000065455;0;2
783.8462;2.0419;3.40316666667e-05;0.00224335535713;0.000133867405442;0.000273343855172;0.00197001150196;9.13976168837e-06;0;0;0.000248517199052;0.00224342060599;0.0;0.0;1;0.950001778759;0;2
785.8838;2.0376;3.396e-05;0.00224342060599;0.000133874211503;0.000272782093359;0.00197063851263;9.11948504366e-06;0;0;0.000248006321447;0.00224348534903;0.0;0.0;1;0.950014373818;0;2
787.9171;2.0333;3.38883333333e-05;0.00224348534903;0.00013388096495;0.000272220166032;0.001971265183;9.09921989961e-06;0;0;0.000247495295637;0.00224354959207;0.0;0.0;1;0.949989888894;0;2
789.9463;2.0292;3.382e-05;0.00224354959207;0.000133887666384;0.000271684852626;0.00197186473945;9.07986096011e-06;0;0;0.000247008468714;0.0022436133472;0.0;0.0;1;0.950019660239;0;2
791.9714;2.0251;3.37516666667e-05;0.0022436133472;0.000133894317064;0.000271149381487;0.00197246396571;9.06051299368e-06;0;0;0.000246521500541;0.00224367661993;0.0;0.0;1;0.950008282111;0;2
793.9925;2.0211;3.3685e-05;0.00224367661993;0.000133900917562;0.000270627144485;0.00197304947544;9.04162320306e-06;0;0;0.000246046566591;0.00224373941883;4.33680868994e-19;0.0;1;0.950000402889;0;2
796.0097;2.0172;3.362e-05;0.00224373941883;0.000133907468769;0.000270118146001;0.00197362127283;9.0231912859e-06;0;0;0.000245583670785;0.00224380175233;-4.33680868994e-19;0.0;1;0.949994068023;0;2
798.0231;2.0134;3.35566666667e-05;0.00224380175233;0.000133913971561;0.00026962239034;0.00197417936199;9.00521694452e-06;0;0;0.000245132816976;0.00224386362869;0.0;0.0;1;0.949987383227;0;2
800.0328;2.0097;3.3495e-05;0.00224386362869;0.000133920426796;0.000269139881731;0.00197472374695;8.98769988585e-06;0;0;0.00024469400895;0.00224392505602;0.0;0.0;1;0.949978552744;0;2
802.039;2.0062;3.34366666667e-05;0.00224392505602;0.000133926835318;0.000268684017015;0.001975241039;8.97108694171e-06;0;0;0.000244279426654;0.00224398604538;0.0;0.0;1;0.950013269648;0;2
804.0417;2.0027;3.33783333333e-05;0.00224398604538;0.000133933198278;0.000268228016192;0.00197575802919;8.95448349243e-06;0;0;0.000243864722451;0.00224404660148;0.0;0.0;1;0.949995497337;0;2
806.0411;1.9994;3.33233333333e-05;0.00224404660148;0.000133939516165;0.000267798668619;0.00197624793286;8.93878350022e-06;0;0;0.000243474252364;0.00224410673506;-4.33680868994e-19;0.0;1;0.950018639226;0;2
808.0372;1.9961;3.32683333333e-05;0.00224410673506;0.000133945790095;0.000267369191608;0.00197673754345;8.92309254349e-06;0;0;0.000243083666337;0.00224416645058;0.0;0.0;1;0.949986745523;0;2
810.0302;1.993;3.32166666667e-05;0.00224416645058;0.000133952020532;0.00026696637692;0.00197720007366;8.90830440419e-06;0;0;0.000242717322557;0.00224422575848;0.0;0.0;1;0.949994004084;0;2
812.0202;1.99;3.31666666667e-05;0.00224422575848;0.000133958208563;0.00026657683504;0.00197764892344;8.893971743e-06;0;0;0.000242363047638;0.002244284666;0.0;0.0;1;0.949992384574;0;2
814.0073;1.9871;3.31183333333e-05;0.002244284666;0.00013396435494;0.000266200569702;0.0019780840963;8.88009429774e-06;0;0;0.000242020844924;0.00224434318026;-4.33680868994e-19;0.0;1;0.949981552658;0;2
815.9917;1.9844;3.30733333333e-05;0.00224434318026;0.000133970460405;0.000265850981627;0.00197849219863;8.86711860554e-06;0;0;0.000241702897859;0.00224440131122;0.0;0.0;1;0.95000930927;0;2
817.9734;1.9817;3.30283333333e-05;0.00224440131122;0.000133976525993;0.00026550128156;0.00197890002966;8.85415072974e-06;0;0;0.000241384850483;0.00224445906274;0.0;0.0;1;0.949980218353;0;2
819.9526;1.9792;3.29866666667e-05;0.00224445906274;0.000133982552106;0.000265178267128;0.00197928079561;8.84208401145e-06;0;0;0.000241091066265;0.00224451644454;0.0;0.0;1;0.949990449489;0;2
821.9294;1.9768;3.29466666667e-05;0.00224451644454;0.000133988539754;0.000264868545385;0.00197964789915;8.83047136321e-06;0;0;0.000240809368733;0.00224457346319;-4.33680868994e-19;0.0;1;0.949992846519;0;2
823.9039;1.9745;3.29083333333e-05;0.00224457346319;0.000133994489622;0.000264572119759;0.00198000134343;8.81931254219e-06;0;0;0.00024053976096;0.00224463012518;0.0;0.0;1;0.94998827926;0;2
825.8762;1.9723;3.28716666667e-05;0.00224463012518;0.000134000402385;0.000264288993625;0.00198034113155;8.80860730887e-06;0;0;0.000240282245972;0.00224468643688;0.0;0.0;1;0.949977816724;0;2
827.8465;1.9703;3.28383333333e-05;0.00224468643688;0.000134006278706;0.000264032570935;0.00198065386595;8.79880195437e-06;0;0;0.000240049010125;0.00224474240745;0.0;0.0;1;0.950010922503;0;2
829.8148;1.9683;3.2805e-05;0.00224474240745;0.000134012119538;0.000263776054886;0.00198096635257;8.78900310275e-06;0;0;0.000239815690668;0.00224479804013;-4.33680868994e-19;0.0;1;0.949992662246;0;2
831.7813;1.9665;3.2775e-05;0.00224479804013;0.000134017925216;0.000263546249938;0.00198125179019;8.78010357987e-06;0;0;0.000239606657223;0.00224485334384;4.33680868994e-19;0.0;1;0.950020994842;0;2
833.746;1.9647;3.2745e-05;0.00224485334384;0.000134023696671;0.000263316356849;0.00198153698699;8.77121019157e-06;0;0;0.000239397544847;0.00224490832164;0.0;0.0;1;0.950001032026;0;2
835.709;1.963;3.27166666667e-05;0.00224490832164;0.00013402943422;0.000263099779374;0.00198180854227;8.76276924117e-06;0;0;0.000239200539716;0.00224496297941;0.0;0.0;1;0.949982724337;0;2
837.6705;1.9615;3.26916666667e-05;0.00224496297941;0.000134035138474;0.000262909924117;0.00198205305529;8.75522681781e-06;0;0;0.000239027830576;0.00224501732572;0.0;0.0;1;0.950016305541;0;2
839.6305;1.96;3.26666666667e-05;0.00224501732572;0.000134040810326;0.00026271998824;0.00198229733748;8.74768999608e-06;0;0;0.000238855049247;0.0022450713634;0.0;0.0;1;0.950006829886;0;2
841.5891;1.9586;3.26433333333e-05;0.0022450713634;0.00013404645007;0.000262543377107;0.00198252798629;8.74060495679e-06;0;0;0.000238694383359;0.00224512509802;4.33680868994e-19;0.0;1;0.950004527122;0;2
843.5464;1.9573;3.26216666667e-05;0.00224512509802;0.000134052058286;0.000262380093684;0.00198274500434;8.7339714866e-06;0;0;0.000238545835571;0.00224517853509;0.0;0.0;1;0.950011285319;0;2
845.5024;1.956;3.26e-05;0.00224517853509;0.000134057635546;0.000262216735127;0.00198296179996;8.72734323377e-06;0;0;0.000238397220509;0.00224523167724;0.0;0.0;1;0.949980422019;0;2
847.4573;1.9549;3.25816666667e-05;0.00224523167724;0.000134063182123;0.000262080114732;0.00198315156251;8.72161235591e-06;0;0;0.000238272915749;0.00224528453257;-4.33680868994e-19;0.0;1;0.950010883428;0;2
849.4111;1.9538;3.25633333333e-05;0.00224528453257;0.000134068698861;0.000261943423835;0.00198334110873;8.71588636438e-06;0;0;0.00023814854787;0.00224533710357;0.0;0.0;1;0.950007382901;0;2
851.3639;1.9528;3.25466666667e-05;0.00224533710357;0.00013407418602;0.00026182007046;0.00198351703311;8.71061123781e-06;0;0;0.000238036306896;0.00224538939544;-4.33680868994e-19;0.0;1;0.950020271556;0;2
853.3157;1.9518;3.253e-05;0.00224538939544;0.000134079644138;0.00026169664943;0.00198369274601;8.70534079941e-06;0;0;0.000237924005351;0.00224544141056;0.0;0.0;1;0.950002644681;0;2
855.2666;1.9509;3.2515e-05;0.00224544141056;0.000134085073465;0.000261586569824;0.00198385484073;8.7005209474e-06;0;0;0.00023782383421;0.002245493154;-4.33680868994e-19;0.0;1;0.950004823866;0;2
857.2166;1.95;3.25e-05;0.002245493154;0.000134090474528;0.000261476425329;0.00198401672867;8.69570559047e-06;0;0;0.000237723604975;0.00224554462805;-4.33680868994e-19;0.0;1;0.949979759166;0;2
859.1658;1.9492;3.24866666667e-05;0.00224554462805;0.000134095847563;0.000261379626071;0.00198416500198;8.69134054708e-06;0;0;0.000237635509564;0.00224559583766;0.0;0.0;1;0.949977712736;0;2
861.1143;1.9485;3.2475e-05;0.00224559583766;0.000134101193087;0.00026129617473;0.00198429966293;8.68742562187e-06;0;0;0.000237559550384;0.0022456467877;0.0;0.0;1;0.95000023206;0;2
863.0621;1.9478;3.24633333333e-05;0.0022456467877;0.000134106511605;0.000261212663305;0.00198443412439;8.68351485071e-06;0;0;0.000237483537417;0.00224569748029;-4.33680868994e-19;0.0;1;0.950000024407;0;2
865.0092;1.9471;3.24516666667e-05;0.00224569748029;0.00013411180334;0.000261129092283;0.00198456838801;8.67960820342e-06;0;0;0.000237407471096;0.00224574791757;0.0;0.0;1;0.949978436223;0;2
866.9557;1.9465;3.24416666667e-05;0.00224574791757;0.00013411706851;0.000261058873855;0.00198468904371;8.67615134088e-06;0;0;0.0002373435452;0.00224579810424;0.0;0.0;1;0.949985560719;0;2
868.9017;1.946;3.24333333333e-05;0.00224579810424;0.000134122307608;0.000261002010605;0.00198479609363;8.67314407407e-06;0;0;0.000237291762049;0.00224584804494;0.0;0.0;1;0.950022685285;0;2
870.8471;1.9454;3.24233333333e-05;0.00224584804494;0.000134127521116;0.000260931679578;0.00198491636536;8.66969499352e-06;0;0;0.000237227735353;0.00224589773906;0.0;0.0;1;0.949993363757;0;2
872.792;1.9449;3.2415e-05;0.00224589773906;0.000134132708967;0.00026087470567;0.00198502303339;8.66669537392e-06;0;0;0.000237175853139;0.00224594719115;0.0;0.0;1;0.94999633848;0;2
874.7364;1.9444;3.24066666667e-05;0.00224594719115;0.000134137871638;0.000260817677612;0.00198512951354;8.6636994978e-06;0;0;0.000237123922448;0.00224599640316;0.0;0.0;1;0.949983849842;0;2
876.6804;1.944;3.24e-05;0.00224599640316;0.000134143009328;0.000260774010134;0.00198522239302;8.6611528321e-06;0;0;0.000237084139345;0.00224604537954;0.0;0.0;1;0.950005755985;0;2
878.624;1.9436;3.23933333333e-05;0.00224604537954;0.000134148122503;0.000260730290896;0.00198531508864;8.65860974037e-06;0;0;0.000237044309908;0.00224609412214;0.0;0.0;1;0.950014155003;0;2
880.5672;1.9432;3.23866666667e-05;0.00224609412214;0.000134153211354;0.000260686520303;0.00198540760184;8.65607019776e-06;0;0;0.000237004434492;0.0022461426328;0.0;0.0;1;0.950009925552;0;2
882.51;1.9428;3.238e-05;0.0022461426328;0.000134158276072;0.000260642698752;0.00198549993405;8.65353417968e-06;0;0;0.000236964513453;0.00224619091332;-4.33680868994e-19;0.0;1;0.949993895778;0;2
884.4525;1.9425;3.2375e-05;0.00224619091332;0.000134163316843;0.000260612242968;0.00198557867035;8.6514470001e-06;0;0;0.000236936744654;0.00224623896801;0.0;0.0;1;0.950015752046;0;2
886.3946;1.9421;3.23683333333e-05;0.00224623896801;0.000134168334117;0.000260568321688;0.00198567064632;8.64891788143e-06;0;0;0.00023689673432;0.00224628679609;0.0;0.0;1;0.949978429766;0;2
888.3364;1.9418;3.23633333333e-05;0.00224628679609;0.000134173327811;0.000260537767943;0.00198574902815;8.64683747723e-06;0;0;0.00023686887781;0.00224633440181;0.0;0.0;1;0.949980428854;0;2
890.278;1.9416;3.236e-05;0.00224633440181;0.000134178298368;0.00026052058411;0.0019858138177;8.64520561166e-06;0;0;0.000236853177261;0.00224638178935;0.0;0.0;1;0.950022423815;0;2
892.2193;1.9413;3.2355e-05;0.00224638178935;0.000134183246222;0.00026048993589;0.00198589185346;8.64313173877e-06;0;0;0.00023682523616;0.00224642895788;-4.33680868994e-19;0.0;1;0.950007171035;0;2
894.1603;1.941;3.235e-05;0.00224642895788;0.000134188171286;0.000260459240466;0.00198596971742;8.64106113637e-06;0;0;0.000236797252789;0.00224647590907;0.0;0.0;1;0.949984149998;0;2
896.1011;1.9408;3.23466666667e-05;0.00224647590907;0.000134193073734;0.000260441917502;0.00198603399157;8.6394388931e-06;0;0;0.000236781427658;0.002246522647;0.0;0.0;1;0.950002837985;0;2
898.0417;1.9406;3.23433333333e-05;0.002246522647;0.00013419795399;0.000260424549512;0.00198609809749;8.6378197641e-06;0;0;0.000236765562209;0.00224656917326;0.0;0.0;1;0.950014796927;0;2
899.9821;1.9404;3.234e-05;0.00224656917326;0.00013420281222;0.000260407136832;0.00198616203643;8.63620372861e-06;0;0;0.000236749656739;0.00224661548944;0.0;0.0;1;0.950020486494;0;2
901.9223;1.9402;3.23366666667e-05;0.00224661548944;0.000134207648588;0.00026038967979;0.00198622580965;8.63459076608e-06;0;0;0.000236733711541;0.0022466615971;0.0;0.0;1;0.950020336057;0;2
903.8623;1.94;3.23333333333e-05;0.0022466615971;0.000134212463255;0.000260372178715;0.00198628941838;8.63298085615e-06;0;0;0.000236717726906;0.00224670749776;0.0;0.0;1;0.950014746442;0;2
905.8021;1.9398;3.233e-05;0.00224670749776;0.000134217256382;0.00026035463393;0.00198635286383;8.63137397864e-06;0;0;0.000236701703119;0.00224675319297;0.0;0.0;1;0.950004091623;0;2
907.7417;1.9396;3.23266666667e-05;0.00224675319297;0.000134222028127;0.000260337045756;0.00198641614722;8.62977011356e-06;0;0;0.000236685640467;0.00224679868424;0.0;0.0;1;0.94998872035;0;2
909.6812;1.9395;3.2325e-05;0.00224679868424;0.000134226778648;0.000260332837187;0.00198646584705;8.6286140931e-06;0;0;0.000236681742465;0.00224684397542;0.0;0.0;1;0.950017940316;0;2
911.6205;1.9393;3.23216666667e-05;0.00224684397542;0.000134231508345;0.000260315164134;0.00198652881129;8.62701612082e-06;0;0;0.000236665603781;0.00224688906562;0.0;0.0;1;0.949994096799;0;2
913.5597;1.9392;3.232e-05;0.00224688906562;0.000134236217125;0.000260310872248;0.00198657819337;8.62586588192e-06;0;0;0.000236661631147;0.00224693395863;0.0;0.0;1;0.950015436332;0;2
915.4987;1.939;3.23166666667e-05;0.00224693395863;0.000134240905383;0.000260293115538;0.00198664084309;8.6242737261e-06;0;0;0.000236645417517;0.00224697865355;0.0;0.0;1;0.949984248339;0;2
917.4376;1.9389;3.2315e-05;0.00224697865355;0.000134245573024;0.000260288741535;0.00198668991202;8.62312919368e-06;0;0;0.000236641371316;0.00224702315414;0.0;0.0;1;0.94999875674;0;2
919.3764;1.9388;3.23133333333e-05;0.00224702315414;0.000134250220438;0.000260284327386;0.00198673882675;8.6219874509e-06;0;0;0.000236637289148;0.00224706746178;4.33680868994e-19;0.0;1;0.950010201599;0;2
921.3151;1.9387;3.23116666667e-05;0.00224706746178;0.000134254847771;0.000260279873374;0.00198678758841;8.62084847983e-06;0;0;0.000236633171267;0.00224711157786;0.0;0.0;1;0.950018793638;0;2
923.2536;1.9385;3.23083333333e-05;0.00224711157786;0.000134259455166;0.000260261953839;0.00198684962402;8.6192676624e-06;0;0;0.000236616811742;0.00224715550144;-4.33680868994e-19;0.0;1;0.949975723134;0;2
925.192;1.9384;3.23066666667e-05;0.00224715550144;0.000134264042523;0.000260257420026;0.00198689808141;8.61813425253e-06;0;0;0.00023661262235;0.00224719923618;-4.33680868994e-19;0.0;1;0.949979178338;0;2
927.1303;1.9383;3.2305e-05;0.00224719923618;0.000134268610224;0.000260252847198;0.00198694638898;8.61700356119e-06;0;0;0.000236608397996;0.00224724278341;-4.33680868994e-19;0.0;1;0.949980328737;0;2
929.0685;1.9382;3.23033333333e-05;0.00224724278341;0.000134273158409;0.000260248235628;0.00198699454778;8.61587557109e-06;0;0;0.000236604138924;0.00224728614447;0.0;0.0;1;0.949979331776;0;2
931.0066;1.9381;3.23016666667e-05;0.00224728614447;0.000134277687214;0.00026024358559;0.00198704255888;8.61475026511e-06;0;0;0.000236599845376;0.00224732932066;-4.33680868994e-19;0.0;1;0.949976333771;0;2
932.9447;1.9381;3.23016666667e-05;0.00224732932066;0.000134282196776;0.000260252325571;0.00198707699509;8.61407205098e-06;0;0;0.000236607725821;0.00224737231552;0.0;0.0;1;0.950020488809;0;1
934.8827;1.938;3.23e-05;0.00224737231552;0.000134286687464;0.000260247600304;0.00198712471522;8.61295199295e-06;0;0;0.00023660336485;0.00224741512808;0.0;0.0;1;0.950013891306;0;2
936.8206;1.9379;3.22983333333e-05;0.00224741512808;0.000134291159173;0.000260242837362;0.00198717229071;8.61183456895e-06;0;0;0.000236598970109;0.00224745775959;0.0;0.0;1;0.950005672088;0;2
938.7584;1.9378;3.22966666667e-05;0.00224745775959;0.000134295612037;0.000260238037004;0.00198721972258;8.61071976247e-06;0;0;0.000236594541827;0.00224750021131;0.0;0.0;1;0.949995940152;0;2
940.6961;1.9377;3.2295e-05;0.00224750021131;0.000134300046184;0.000260233199491;0.00198726701182;8.60960755711e-06;0;0;0.000236590080237;0.0022475424845;0.0;0.0;1;0.949984796725;0;2
942.6338;1.9377;3.2295e-05;0.0022475424845;0.000134304461746;0.000260241755524;0.00198730072898;8.608942189e-06;0;0;0.000236597795804;0.00224758458259;0.0;0.0;1;0.950021364108;0;1
944.5714;1.9376;3.22933333333e-05;0.00224758458259;0.000134308859079;0.000260236845352;0.00198734773724;8.60783506907e-06;0;0;0.000236593269076;0.00224762650458;4.33680868994e-19;0.0;1;0.950007676647;0;2
946.5089;1.9375;3.22916666667e-05;0.00224762650458;0.000134313238079;0.000260231898778;0.0019873946058;8.60673050235e-06;0;0;0.000236588709711;0.00224766825168;0.0;0.0;1;0.949992839861;0;2
948.4463;1.9374;3.229e-05;0.00224766825168;0.000134317598872;0.000260226916054;0.00198744133563;8.60562847299e-06;0;0;0.00023658411793;0.00224770982508;0.0;0.0;1;0.949976929021;0;2
950.3837;1.9374;3.229e-05;0.00224770982508;0.000134321941581;0.000260235329618;0.00198747449547;8.60497308213e-06;0;0;0.000236591705768;0.00224775122815;0.0;0.0;1;0.950009049271;0;1
952.321;1.9373;3.22883333333e-05;0.00224775122815;0.000134326266556;0.000260230276199;0.00198752095195;8.60387601338e-06;0;0;0.000236587050598;0.00224779245987;0.0;0.0;1;0.949991198211;0;2
954.2583;1.9373;3.22883333333e-05;0.00224779245987;0.000134330573692;0.000260238620413;0.00198755383946;8.60322548548e-06;0;0;0.000236594576253;0.00224783352356;4.33680868994e-19;0.0;1;0.950021506409;0;1
956.1955;1.9372;3.22866666667e-05;0.00224783352356;0.000134334863334;0.00026023349725;0.00198760002631;8.60213331688e-06;0;0;0.00023658985854;0.0022478744182;-4.33680868994e-19;0.0;1;0.950001956003;0;2
958.1326;1.9371;3.2285e-05;0.0022478744182;0.000134339135374;0.000260228339133;0.00198764607907;8.6010436093e-06;0;0;0.000236585109477;0.00224791514493;-4.33680868994e-19;0.0;1;0.949981634199;0;2
960.0697;1.9371;3.2285e-05;0.00224791514493;0.000134343389932;0.000260236580638;0.00198767856429;8.60040029783e-06;0;0;0.000236592543024;0.00224795570702;0.0;0.0;1;0.95000963212;0;1
962.0067;1.937;3.22833333333e-05;0.00224795570702;0.000134347627348;0.000260231354173;0.00198772435285;8.5993154013e-06;0;0;0.000236587732661;0.00224799610344;-4.33680868994e-19;0.0;1;0.949987911626;0;2
963.9437;1.937;3.22833333333e-05;0.00224799610344;0.000134351847513;0.000260239528634;0.00198775657481;8.59867680575e-06;0;0;0.000236595106078;0.00224803633741;4.33680868994e-19;0.0;1;0.950014599942;0;1
965.8806;1.9369;3.22816666667e-05;0.00224803633741;0.000134356050765;0.000260234234726;0.00198780210269;8.59759666237e-06;0;0;0.000236590235221;0.00224807640791;0.0;0.0;1;0.949991647069;0;2
967.8175;1.9369;3.22816666667e-05;0.00224807640791;0.000134360236994;0.000260242343033;0.00198783406488;8.59696272581e-06;0;0;0.000236597549302;0.00224811631812;0.0;0.0;1;0.950017180111;0;1
969.7543;1.9368;3.228e-05;0.00224811631812;0.000134364406533;0.000260236982572;0.00198787933555;8.59588727865e-06;0;0;0.000236592618743;0.00224815606701;4.33680868994e-19;0.0;1;0.949993138329;0;2
971.6911;1.9368;3.228e-05;0.00224815606701;0.000134368559273;0.0002602450256;0.00198791104141;8.5952579451e-06;0;0;0.000236599874267;0.00224819565774;0.0;0.0;1;0.950017649257;0;1
973.6278;1.9367;3.22783333333e-05;0.00224819565774;0.000134372695543;0.000260239599459;0.00198795605828;8.59418713817e-06;0;0;0.000236594884784;0.00224823508926;0.0;0.0;1;0.949992642384;0;2
975.5645;1.9367;3.22783333333e-05;0.00224823508926;0.000134376815235;0.000260247578066;0.00198798751119;8.59356235258e-06;0;0;0.000236602082516;0.00224827436469;0.0;0.0;1;0.95001624614;0;1
977.5011;1.9366;3.22766666667e-05;0.00224827436469;0.000134380918673;0.000260242087102;0.00198803227759;8.59249613084e-06;0;0;0.000236597034874;0.002248313483;0.0;0.0;1;0.949990381084;0;2
979.4377;1.9366;3.22766666667e-05;0.002248313483;0.000134385005748;0.000260250002132;0.00198806348086;8.59187583909e-06;0;0;0.000236604175565;0.00224835244726;0.0;0.0;1;0.950013176941;0;1
981.3742;1.9365;3.2275e-05;0.00224835244726;0.000134389076781;0.000260244447187;0.00198810800007;8.5908141484e-06;0;0;0.000236599070513;0.00224839125643;0.0;0.0;1;0.949986546069;0;2
983.3107;1.9365;3.2275e-05;0.00224839125643;0.000134393131664;0.000260252299467;0.00198813895697;8.59019829724e-06;0;0;0.000236606154902;0.00224842991357;0.0;0.0;1;0.950008619821;0;1
985.2471;1.9364;3.22733333333e-05;0.00224842991357;0.000134397170713;0.000260246681368;0.0019881832322;8.58914108436e-06;0;0;0.000236600993179;0.00224846841763;0.0;0.0;1;0.949981302991;0;2
987.1835;1.9364;3.22733333333e-05;0.00224846841763;0.000134401193819;0.000260254471711;0.00198821394592;8.58852962146e-06;0;0;0.00023660802199;0.00224850677162;0.0;0.0;1;0.950002728845;0;1
989.1199;1.9364;3.22733333333e-05;0.00224850677162;0.000134405201296;0.00026026223179;0.00198824453983;8.5879203019e-06;0;0;0.000236615023646;0.00224854497651;0.0;0.0;1;0.950023856503;0;1
991.0562;1.9363;3.22716666667e-05;0.00224854497651;0.000134409193245;0.000260256520881;0.00198828845563;8.58686967656e-06;0;0;0.000236609778633;0.00224858303125;-4.33680868994e-19;0.0;1;0.949995638436;0;2
992.9925;1.9363;3.22716666667e-05;0.00224858303125;0.000134413169557;0.000260264220212;0.00198831881104;8.58626466865e-06;0;0;0.000236616725771;0.00224862093881;-4.33680868994e-19;0.0;1;0.950016211218;0;1
994.9287;1.9362;3.227e-05;0.00224862093881;0.000134417130538;0.000260258448149;0.00198836249066;8.58521839212e-06;0;0;0.00023661142587;0.00224865869814;0.0;0.0;1;0.949987462981;0;2
996.8649;1.9362;3.227e-05;0.00224865869814;0.000134421076082;0.000260266087509;0.00198839261063;8.58461764562e-06;0;0;0.000236618319185;0.00224869631217;0.0;0.0;1;0.950007532738;0;1
998.801;1.9361;3.22683333333e-05;0.00224869631217;0.000134425006492;0.000260260255068;0.0019884360571;8.58357566763e-06;0;0;0.00023661296509;0.00224873377985;0.0;0.0;1;0.949978302689;0;2
1000.7371;1.9361;3.22683333333e-05;0.00224873377985;0.000134428921659;0.000260267835223;0.00198846594463;8.58297913311e-06;0;0;0.000236619805264;0.0022487711041;0.0;0.0;1;0.949997914435;0;1
1002.6732;1.9361;3.22683333333e-05;0.0022487711041;0.000134432821885;0.000260275386451;0.00198849571764;8.58238465564e-06;0;0;0.000236626619475;0.0022488082858;4.33680868994e-19;0.0;1;0.950017313194;0;1
1004.6092;1.936;3.22666666667e-05;0.0022488082858;0.000134436707264;0.000260269465263;0.00198853882053;8.58134900248e-06;0;0;0.000236621185717;0.00224884532392;4.33680868994e-19;0.0;1;0.949987438454;0;2
1006.5452;1.936;3.22666666667e-05;0.00224884532392;0.000134440577687;0.000260276958403;0.00198856836551;8.58075866465e-06;0;0;0.000236627947784;0.0022488822213;-4.33680868994e-19;0.0;1;0.95000643593;0;1
1008.4811;1.9359;3.2265e-05;0.0022488822213;0.000134444433451;0.000260270978719;0.00198861124258;8.57972718818e-06;0;0;0.000236622461511;0.0022489189769;0.0;0.0;1;0.949976174389;0;2
1010.417;1.9359;3.2265e-05;0.0022489189769;0.000134448274447;0.000260278414501;0.0019886405624;8.57914094253e-06;0;0;0.000236629172088;0.00224895559355;0.0;0.0;1;0.949994802403;0;1
1012.3529;1.9359;3.2265e-05;0.00224895559355;0.000134452100967;0.000260285822262;0.00198866977128;8.57855669527e-06;0;0;0.000236635857511;0.0022489920721;0.0;0.0;1;0.950013257293;0;1
1014.2887;1.9358;3.22633333333e-05;0.0022489920721;0.000134455913103;0.000260279756585;0.00198871231552;8.57753136502e-06;0;0;0.000236630294033;0.00224902841152;0.0;0.0;1;0.94998247111;0;2
1016.2245;1.9358;3.22633333333e-05;0.00224902841152;0.000134459710745;0.00026028710806;0.00198874130346;8.57695114045e-06;0;0;0.000236636928921;0.00224906461457;-4.33680868994e-19;0.0;1;0.950000596848;0;1
1018.1603;1.9358;3.22633333333e-05;0.00224906461457;0.000134463494182;0.000260294432037;0.00198877018253;8.57637288026e-06;0;0;0.000236643539123;0.00224910068211;0.0;0.0;1;0.95001856766;0;1
1020.096;1.9357;3.22616666667e-05;0.00224910068211;0.000134467263502;0.00026028828196;0.00198881240015;8.57535359264e-06;0;0;0.000236637899863;0.00224913661309;4.33680868994e-19;0.0;1;0.949987311647;0;2
1022.0317;1.9357;3.22616666667e-05;0.00224913661309;0.000134471018595;0.000260295550694;0.00198884106239;8.5747792873e-06;0;0;0.000236644460463;0.00224917241023;4.33680868994e-19;0.0;1;0.950004986342;0;1
1023.9674;1.9357;3.22616666667e-05;0.00224917241023;0.000134474759747;0.000260302792441;0.00198886961779;8.57420691312e-06;0;0;0.000236650996831;0.00224920807438;0.0;0.0;1;0.95002252106;0;1
1025.903;1.9356;3.226e-05;0.00224920807438;0.000134478487042;0.000260296559519;0.00198891151486;8.57319356696e-06;0;0;0.000236645283178;0.00224924360447;0.0;0.0;1;0.949990840255;0;2
1027.8386;1.9356;3.226e-05;0.00224924360447;0.000134482200372;0.00026030374704;0.00198893985743;8.57262508139e-06;0;0;0.000236651770853;0.0022492790032;4.33680868994e-19;0.0;1;0.950008106071;0;1
1029.7741;1.9355;3.22583333333e-05;0.0022492790032;0.000134485900016;0.000260297459482;0.00198898154372;8.57161566064e-06;0;0;0.000236646008133;0.00224931426953;0.0;0.0;1;0.949976162566;0;2
1031.7096;1.9355;3.22583333333e-05;0.00224931426953;0.000134489585866;0.000260304593444;0.00198900967608;8.57105102016e-06;0;0;0.00023665244771;0.0022493494061;0.0;0.0;1;0.949993174986;0;1
1033.6451;1.9355;3.22583333333e-05;0.0022493494061;0.000134493258198;0.000260311701243;0.00198903770486;8.57048825711e-06;0;0;0.000236658863792;0.00224938441373;0.0;0.0;1;0.950010066831;0;1
1035.5805;1.9354;3.22566666667e-05;0.00224938441373;0.000134496917095;0.000260305333347;0.00198907908038;8.56948461414e-06;0;0;0.00023665302892;0.00224941929136;0.0;0.0;1;0.949977756999;0;2
1037.5159;1.9354;3.22566666667e-05;0.00224941929136;0.000134500562448;0.000260312388562;0.00198910690279;8.5689256325e-06;0;0;0.000236659397776;0.00224945404161;0.0;0.0;1;0.949994415413;0;1
1039.4513;1.9354;3.22566666667e-05;0.00224945404161;0.000134504194529;0.000260319418092;0.00198913462351;8.56836849709e-06;0;0;0.000236665743565;0.00224948866525;0.0;0.0;1;0.950010962358;0;1
1041.3866;1.9353;3.2255e-05;0.00224948866525;0.000134507813419;0.00026031297131;0.00198917569394;8.56737053688e-06;0;0;0.000236659837838;0.00224952316124;0.0;0.0;1;0.949978313651;0;2
1043.3219;1.9353;3.2255e-05;0.00224952316124;0.000134511419008;0.000260319949207;0.00198920321203;8.56681712065e-06;0;0;0.00023666613725;0.00224955753216;0.0;0.0;1;0.949994643896;0;1
1045.2572;1.9353;3.2255e-05;0.00224955753216;0.000134515011566;0.000260326901884;0.00198923063028;8.56626552018e-06;0;0;0.00023667241401;0.00224959177877;0.0;0.0;1;0.950010870332;0;1
1047.1924;1.9352;3.22533333333e-05;0.00224959177877;0.000134518591171;0.000260320377635;0.00198927140113;8.56527314991e-06;0;0;0.000236666438695;0.00224962590001;0.0;0.0;1;0.949977905842;0;2
1049.1276;1.9352;3.22533333333e-05;0.00224962590001;0.000134522157713;0.000260327279607;0.0019892986204;8.56472520781e-06;0;0;0.000236672669908;0.00224965989844;-4.33680868994e-19;0.0;1;0.949993929706;0;1
1051.0628;1.9352;3.22533333333e-05;0.00224965989844;0.000134525711458;0.000260334156814;0.00198932574162;8.56417905171e-06;0;0;0.000236678878876;0.00224969377478;0.0;0.0;1;0.950009856251;0;1
1052.9979;1.9351;3.22516666667e-05;0.00224969377478;0.000134529252482;0.000260327556478;0.0019893662183;8.56319218064e-06;0;0;0.000236672835209;0.002249727528;4.33680868994e-19;0.0;1;0.949976595556;0;2
1054.933;1.9351;3.22516666667e-05;0.002249727528;0.000134532780675;0.000260334383885;0.00198939314411;8.5626496235e-06;0;0;0.000236678999439;0.0022497611606;0.0;0.0;1;0.949992331554;0;1
1056.8681;1.9351;3.22516666667e-05;0.0022497611606;0.0001345362963;0.000260341186969;0.00198941997363;8.56210882325e-06;0;0;0.00023668514182;0.00224979467329;-4.33680868994e-19;0.0;1;0.950007975781;0;1
1058.8032;1.9351;3.22516666667e-05;0.00224979467329;0.00013453979943;0.000260347965876;0.00198944670741;8.56156977043e-06;0;0;0.00023669126248;0.00224982806679;0.0;0.0;1;0.950023529905;0;1
1060.7382;1.935;3.225e-05;0.00224982806679;0.000134543290139;0.000260341266419;0.00198948680037;8.56059007562e-06;0;0;0.000236685129758;0.00224986134005;0.0;0.0;1;0.949989900427;0;2
1062.6732;1.935;3.225e-05;0.00224986134005;0.000134546768318;0.000260347996695;0.00198951334336;8.5600545448e-06;0;0;0.000236691206727;0.00224989449554;0.0;0.0;1;0.95000527744;0;1
1064.6082;1.935;3.225e-05;0.00224989449554;0.000134550234224;0.000260354703223;0.00198953979232;8.55952073318e-06;0;0;0.000236697262358;0.00224992753394;0.0;0.0;1;0.95002056891;0;1
1066.5431;1.9349;3.22483333333e-05;0.00224992753394;0.000134553687928;0.000260347930772;0.00198957960317;8.55854633405e-06;0;0;0.000236691064049;0.00224996045422;0.0;0.0;1;0.949986678764;0;2
1068.478;1.9349;3.22483333333e-05;0.00224996045422;0.000134557129322;0.000260354589525;0.00198960586469;8.55801598807e-06;0;0;0.000236697076753;0.00224999325879;4.33680868994e-19;0.0;1;0.950001801665;0;1
1070.4129;1.9349;3.22483333333e-05;0.00224999325879;0.000134560558658;0.000260361224947;0.00198963203385;8.55748733371e-06;0;0;0.000236703068494;0.00225002594834;0.0;0.0;1;0.950016843005;0;1
1072.3477;1.9348;3.22466666667e-05;0.00225002594834;0.000134563976006;0.000260354380777;0.00198967156756;8.55651814615e-06;0;0;0.000236696805737;0.00225005852182;0.0;0.0;1;0.949982704207;0;2
1074.2825;1.9348;3.22466666667e-05;0.00225005852182;0.000134567381258;0.000260360969258;0.00198969755256;8.55599290233e-06;0;0;0.000236702755297;0.00225009098162;0.0;0.0;1;0.949997584468;0;1
1076.2173;1.9348;3.22466666667e-05;0.00225009098162;0.000134570774663;0.000260367534817;0.00198972344681;8.55546932314e-06;0;0;0.000236708684259;0.00225012332841;4.33680868994e-19;0.0;1;0.950012386671;0;1
1078.152;1.9347;3.2245e-05;0.00225012332841;0.000134574156289;0.000260360620172;0.00198976270824;8.55450526491e-06;0;0;0.000236702358166;0.00225015556114;0.0;0.0;1;0.949978009807;0;2
1080.0867;1.9347;3.2245e-05;0.00225015556114;0.000134577526027;0.000260367139605;0.00198978842153;8.55398504239e-06;0;0;0.000236708245675;0.00225018768217;0.0;0.0;1;0.949992657558;0;1
1082.0214;1.9347;3.2245e-05;0.00225018768217;0.000134580884124;0.000260373636514;0.00198981404565;8.55346645812e-06;0;0;0.000236714112944;0.00225021969214;0.0;0.0;1;0.950007230365;0;1
1083.9561;1.9347;3.2245e-05;0.00225021969214;0.000134584230646;0.00026038011103;0.00198983958111;8.55294950353e-06;0;0;0.000236719960088;0.00225025159169;0.0;0.0;1;0.950021729188;0;1
1085.8907;1.9346;3.22433333333e-05;0.00225025159169;0.000134587565659;0.000260373104524;0.00198987848717;8.55199214189e-06;0;0;0.000236713551434;0.00225028337979;0.0;0.0;1;0.949987049864;0;2
1087.8253;1.9346;3.22433333333e-05;0.00225028337979;0.000134590889056;0.000260379533967;0.00198990384583;8.55147847414e-06;0;0;0.000236719358066;0.00225031505875;0.0;0.0;1;0.950001401977;0;1
1089.7599;1.9346;3.22433333333e-05;0.00225031505875;0.000134594201077;0.000260385941403;0.00198992911735;8.55096641044e-06;0;0;0.000236725144919;0.00225034662919;0.0;0.0;1;0.950015682802;0;1
1091.6944;1.9345;3.22416666667e-05;0.00225034662919;0.000134597501787;0.000260378867206;0.00198996776199;8.55001399342e-06;0;0;0.00023671867542;0.00225037809008;0.0;0.0;1;0.949980785873;0;2
1093.6289;1.9345;3.22416666667e-05;0.00225037809008;0.000134600791077;0.000260385230339;0.00198999285974;8.54950516539e-06;0;0;0.000236724422451;0.00225040944369;0.0;0.0;1;0.949994925141;0;1
1095.5634;1.9345;3.22416666667e-05;0.00225040944369;0.000134604069187;0.000260391571841;0.00199001787185;8.54899791636e-06;0;0;0.00023673015004;0.00225044069064;0.0;0.0;1;0.950008995565;0;1
1097.4979;1.9345;3.22416666667e-05;0.00225044069064;0.000134607336178;0.000260397891836;0.00199004279881;8.54849223818e-06;0;0;0.000236735858297;0.00225047183153;0.0;0.0;1;0.950022997908;0;1
1099.4323;1.9344;3.224e-05;0.00225047183153;0.000134610592114;0.000260390729385;0.00199008110215;8.54754627811e-06;0;0;0.000236729309462;0.00225050286533;-4.33680868994e-19;0.0;1;0.949987822704;0;2
1101.3667;1.9344;3.224e-05;0.00225050286533;0.000134613836886;0.000260397006073;0.00199010585926;8.54704376926e-06;0;0;0.000236734978788;0.00225053379428;0.0;0.0;1;0.950001689646;0;1
1103.3011;1.9344;3.224e-05;0.00225053379428;0.000134617070729;0.000260403261618;0.00199013053266;8.54654280692e-06;0;0;0.000236740629108;0.00225056461896;0.0;0.0;1;0.950015490677;0;1
1105.2354;1.9343;3.22383333333e-05;0.00225056461896;0.000134620293704;0.000260396034111;0.00199016858485;8.54560161598e-06;0;0;0.000236734021784;0.00225059533835;4.33680868994e-19;0.0;1;0.94998011413;0;2
1107.1697;1.9343;3.22383333333e-05;0.00225059533835;0.000134623505702;0.000260402247079;0.00199019309127;8.54510377434e-06;0;0;0.000236739633825;0.00225062595465;0.0;0.0;1;0.949993783946;0;1
1109.104;1.9343;3.22383333333e-05;0.00225062595465;0.000134626706954;0.000260408439261;0.00199021751539;8.54460745539e-06;0;0;0.00023674522718;0.00225065646845;4.33680868994e-19;0.0;1;0.95000738985;0;1
1111.0383;1.9343;3.22383333333e-05;0.00225065646845;0.000134629897521;0.000260414610774;0.00199024185768;8.5441126514e-06;0;0;0.000236750801952;0.00225068688031;4.33680868994e-19;0.0;1;0.950020932475;0;1
1112.9725;1.9342;3.22366666667e-05;0.00225068688031;0.00013463307746;0.000260407298424;0.00199027958189;8.54317768963e-06;0;0;0.000236744118346;0.00225071718921;4.33680868994e-19;0.0;1;0.949985297282;0;2
1114.9067;1.9342;3.22366666667e-05;0.00225071718921;0.000134636246667;0.000260413428302;0.00199030376091;8.54268594325e-06;0;0;0.000236749655683;0.00225074739731;4.33680868994e-19;0.0;1;0.949998713787;0;1
1116.8409;1.9342;3.22366666667e-05;0.00225074739731;0.000134639405365;0.000260419537857;0.00199032785946;8.54219568869e-06;0;0;0.000236755174747;0.00225077750518;0.0;0.0;1;0.950012068826;0;1
1118.775;1.9341;3.2235e-05;0.00225077750518;0.000134642553614;0.000260412162944;0.00199036534224;8.54126532918e-06;0;0;0.000236748434883;0.00225080751179;0.0;0.0;1;0.949976245749;0;2
1120.7091;1.9341;3.2235e-05;0.00225080751179;0.000134645691306;0.000260418231554;0.00199038928024;8.54077808598e-06;0;0;0.00023675391713;0.00225083741928;0.0;0.0;1;0.949989478195;0;1
1122.6432;1.9341;3.2235e-05;0.00225083741928;0.000134648818664;0.000260424280178;0.0019904131391;8.54029231194e-06;0;0;0.000236759381405;0.0022508672282;-4.33680868994e-19;0.0;1;0.950002650871;0;1
1124.5773;1.9341;3.2235e-05;0.0022508672282;0.000134651935746;0.000260430308926;0.00199043691927;8.53980799969e-06;0;0;0.000236764827808;0.00225089693908;0.0;0.0;1;0.950015764315;0;1
1126.5113;1.934;3.22333333333e-05;0.00225089693908;0.000134655042607;0.000260422852402;0.00199047408668;8.53888365269e-06;0;0;0.000236758014553;0.00225092655091;0.0;0.0;1;0.949979699114;0;2
1128.4453;1.934;3.22333333333e-05;0.00225092655091;0.000134658139141;0.000260428841099;0.00199049770981;8.53840229179e-06;0;0;0.000236763424938;0.00225095606579;0.0;0.0;1;0.949992694323;0;1
1130.3793;1.934;3.22333333333e-05;0.00225095606579;0.000134661225567;0.000260434810247;0.00199052125555;8.53792237067e-06;0;0;0.000236768817743;0.00225098548425;0.0;0.0;1;0.950005631864;0;1
1132.3133;1.934;3.22333333333e-05;0.00225098548425;0.00013466430194;0.000260440759953;0.0019905447243;8.53744388215e-06;0;0;0.000236774193064;0.00225101480682;0.0;0.0;1;0.950018512235;0;1
1134.2472;1.9339;3.22316666667e-05;0.00225101480682;0.000134667368315;0.000260433223585;0.00199058158323;8.53652542872e-06;0;0;0.000236767307999;0.00225104403247;0.0;0.0;1;0.949982213313;0;2
1136.1811;1.9339;3.22316666667e-05;0.00225104403247;0.000134670424586;0.000260439134106;0.00199060489836;8.53604983321e-06;0;0;0.000236772648078;0.00225107316327;0.0;0.0;1;0.94999497948;0;1
1138.115;1.9339;3.22316666667e-05;0.00225107316327;0.000134673470967;0.000260445025503;0.00199062813777;8.53557564889e-06;0;0;0.000236777970957;0.00225110219974;0.0;0.0;1;0.950007689929;0;1
1140.0489;1.9339;3.22316666667e-05;0.00225110219974;0.000134676507513;0.000260450897879;0.00199065130187;8.53510286881e-06;0;0;0.000236783276728;0.00225113114239;0.0;0.0;1;0.950020345124;0;1
1141.9827;1.9338;3.223e-05;0.00225113114239;0.000134679534276;0.000260443283382;0.00199068785901;8.53419019328e-06;0;0;0.000236776321389;0.0022511599902;4.33680868994e-19;0.0;1;0.949983820284;0;2
1143.9165;1.9338;3.223e-05;0.0022511599902;0.00013468255115;0.000260449117414;0.00199071087279;8.53372024945e-06;0;0;0.00023678159267;0.00225118874521;0.0;0.0;1;0.949996365029;0;1
1145.8503;1.9338;3.223e-05;0.00225118874521;0.000134685558348;0.000260454932732;0.00199073381248;8.53325168904e-06;0;0;0.00023678684712;0.00225121740791;4.33680868994e-19;0.0;1;0.950008855877;0;1
1147.7841;1.9338;3.223e-05;0.00225121740791;0.00013468855592;0.000260460729438;0.00199075667847;8.53278450526e-06;0;0;0.000236792084828;0.00225124597879;0.0;0.0;1;0.95002129326;0;1
1149.7178;1.9337;3.22283333333e-05;0.00225124597879;0.000134691543919;0.000260453038476;0.00199079294032;8.53187749512e-06;0;0;0.000236785060702;0.00225127445686;0.0;0.0;1;0.949984549792;0;2
1151.6515;1.9337;3.22283333333e-05;0.00225127445686;0.000134694522239;0.000260458797653;0.0019908156592;8.53141309241e-06;0;0;0.00023679026465;0.0022513028441;0.0;0.0;1;0.949996880246;0;1
1153.5852;1.9337;3.22283333333e-05;0.0022513028441;0.000134697491088;0.000260464538516;0.00199083830558;8.53095004607e-06;0;0;0.000236795452123;0.00225133114099;0.0;0.0;1;0.950009158508;0;1
1155.5189;1.9337;3.22283333333e-05;0.00225133114099;0.000134700450516;0.000260470261163;0.00199086087983;8.53048834953e-06;0;0;0.00023680062321;0.00225135934802;0.0;0.0;1;0.950021384988;0;1
1157.4525;1.9336;3.22266666667e-05;0.00225135934802;0.000134703400574;0.000260462495349;0.00199089685267;8.52958689532e-06;0;0;0.000236793531743;0.00225138746418;0.0;0.0;1;0.949984429741;0;2
1159.3861;1.9336;3.22266666667e-05;0.00225138746418;0.000134706341156;0.000260468181259;0.00199091928293;8.52912792614e-06;0;0;0.000236798669778;0.00225141549145;0.0;0.0;1;0.949996552604;0;1
1161.3197;1.9336;3.22266666667e-05;0.00225141549145;0.000134709272467;0.000260473849242;0.0019909416422;8.52867028704e-06;0;0;0.000236803791686;0.00225144343027;0.0;0.0;1;0.950008624886;0;1
1163.2533;1.9336;3.22266666667e-05;0.00225144343027;0.000134712194556;0.000260479499393;0.00199096393088;8.52821397161e-06;0;0;0.000236808897551;0.00225147128112;0.0;0.0;1;0.950020646973;0;1
1165.1868;1.9335;3.2225e-05;0.00225147128112;0.000134715107471;0.000260471660294;0.00199099962083;8.52731796683e-06;0;0;0.000236801740147;0.00225149904301;0.0;0.0;1;0.949983486405;0;2
1167.1203;1.9335;3.2225e-05;0.00225149904301;0.000134718011107;0.000260477274476;0.00199102176853;8.52686432651e-06;0;0;0.000236806813648;0.00225152671785;0.0;0.0;1;0.949995408005;0;1
1169.0538;1.9335;3.2225e-05;0.00225152671785;0.000134720905667;0.000260482871108;0.00199104384675;8.52641199067e-06;0;0;0.000236811871359;0.00225155430611;0.0;0.0;1;0.950007280546;0;1
1170.9873;1.9335;3.2225e-05;0.00225155430611;0.000134723791197;0.00026048845028;0.00199106585583;8.52596095309e-06;0;0;0.000236816913361;0.00225158180824;0.0;0.0;1;0.950019104396;0;1
1172.9207;1.9334;3.22233333333e-05;0.00225158180824;0.000134726667745;0.000260480539418;0.00199110126882;8.52507029407e-06;0;0;0.000236809691381;0.00225160922324;0.0;0.0;1;0.949981744624;0;2
1174.8541;1.9334;3.22233333333e-05;0.00225160922324;0.000134729535206;0.000260486083368;0.00199112313988;8.52462188072e-06;0;0;0.000236814701688;0.00225163655302;0.0;0.0;1;0.949993470954;0;1
1176.7875;1.9334;3.22233333333e-05;0.00225163655302;0.000134732393779;0.000260491610132;0.00199114494288;8.52417474696e-06;0;0;0.00023681969653;0.002251663798;0.0;0.0;1;0.950005149672;0;1
1178.7209;1.9334;3.22233333333e-05;0.002251663798;0.000134735243509;0.0002604971198;0.0019911666782;8.5237288867e-06;0;0;0.00023682467599;0.00225169095864;0.0;0.0;1;0.950016781126;0;1
1180.6542;1.9333;3.22216666667e-05;0.00225169095864;0.000134738084442;0.000260489138651;0.00199120181999;8.52284347254e-06;0;0;0.000236817390757;0.00225171803394;0.0;0.0;1;0.949979227955;0;2
1182.5875;1.9333;3.22216666667e-05;0.00225171803394;0.000134740916474;0.00026049461382;0.00199122342012;8.52240018699e-06;0;0;0.000236822339169;0.00225174502577;0.0;0.0;1;0.949990764711;0;1
1184.5208;1.9333;3.22216666667e-05;0.00225174502577;0.000134743739801;0.000260500072158;0.00199124495361;8.52195815678e-06;0;0;0.000236827272436;0.00225177193455;0.0;0.0;1;0.950002255229;0;1
1186.4541;1.9333;3.22216666667e-05;0.00225177193455;0.000134746554468;0.000260505513752;0.0019912664208;8.52151737598e-06;0;0;0.000236832190633;0.00225179876073;0.0;0.0;1;0.950013699842;0;1
1188.3873;1.9332;3.222e-05;0.00225179876073;0.000134749360517;0.000260497463752;0.00199130129697;8.52063710843e-06;0;0;0.000236824843434;0.0022518255033;-4.33680868994e-19;0.0;1;0.949975958801;0;2
1190.3205;1.9332;3.222e-05;0.0022518255033;0.000134752157847;0.00026050287155;0.00199132263175;8.52019885413e-06;0;0;0.000236829731214;0.00225185216411;0.0;0.0;1;0.949987311405;0;1
1192.2537;1.9332;3.222e-05;0.00225185216411;0.000134754946649;0.000260508262862;0.00199134390125;8.51976183154e-06;0;0;0.000236834604158;0.00225187874357;0.0;0.0;1;0.949998619083;0;1
1194.1869;1.9332;3.222e-05;0.00225187874357;0.000134757726967;0.000260513637772;0.0019913651058;8.51932603492e-06;0;0;0.000236839462339;0.00225190524211;4.33680868994e-19;0.0;1;0.950009882151;0;1
1196.1201;1.9332;3.222e-05;0.00225190524211;0.000134760498843;0.000260518996363;0.00199138624574;8.51889145853e-06;0;0;0.000236844305833;0.00225193166012;-4.33680868994e-19;0.0;1;0.950021100924;0;1
1198.0532;1.9331;3.22183333333e-05;0.00225193166012;0.000134763262321;0.000260510862392;0.00199142079772;8.5180174788e-06;0;0;0.000236836883052;0.00225195799663;0.0;0.0;1;0.94998313272;0;2
1199.9863;1.9331;3.22183333333e-05;0.00225195799663;0.000134766017298;0.000260516188038;0.00199144180859;8.51758537049e-06;0;0;0.000236841696891;0.00225198425345;0.0;0.0;1;0.94999426267;0;1
1201.9194;1.9331;2.28333333348e-07;0.00225198425345;0.000134768763961;0.000260521497613;0.00199146275583;8.51715446529e-06;0;0;0.000236846496265;0.00222002043097;0.0;0.0;1;0.95000534925;0;1
