# Hydrograph at the point with coordinates: 4.03167235632 38.8516088496
# A pixel size is [m2]:
# 1.0
# time[s];deltaTime[s];Rainfall[m];Water_level_[m];Sheet_Flow[m3/s];Sheet_V_runoff[m3];Sheet_V_rest[m3];Infiltration[m];Surface_retetion[m];State;V_inflow[m3];WlevelTotal[m];SurfaceBil[m3];V_to_rill.m3.;ratio;courant;courantrill;iter
20.0;20.0;0.0;0.0;0.0;0.0;0.0;0.0;0.0;0;0.0;0.0;0.0;0.0;1;1.95;1.95;0
20.0;20.0;0.0;0.0;0.0;0.0;0.0;0.0;0.0;0;0.0;0.0;0.0;0.0;1;0;0;1
40.0;20.0;0.0;0.0;0.0;0.0;0.0;0.0;0.0;0;0.0;0.0;0.0;0.0;1;0;0;1
60.0;20.0;0.0;0.0;0.0;0.0;0.0;0.0;0.0;0;0.0;0.0;0.0;0.0;1;0;0;1
80.0;20.0;0.0;0.0;0.0;0.0;0.0;0.0;0.0;0;0.0;0.0;0.0;0.0;1;0;0;1
100.0;20.0;0.0;0.0;0.0;0.0;0.0;0.0;0.0;0;0.0;0.0;0.0;0.0;1;0;0;1
120.0;20.0;0.0;0.0;0.0;0.0;0.0;0.0;0.0;0;0.0;0.0;0.0;0.0;1;0;0;1
140.0;20.0;0.0;0.0;0.0;0.0;0.0;0.0;0.0;0;0.0;0.0;0.0;0.0;1;0;0;1
160.0;20.0;0.0;0.0;0.0;0.0;0.0;0.0;0.0;0;0.0;0.0;0.0;0.0;1;0;0;1
180.0;20.0;0.000280000001192;0.0;0.0;0.0;0.0;0;0.000280000001192;0;0.0;0.0;0.0;0.0;1;0;0;1
200.0;20.0;0.000333333333333;0.0;0.0;0.0;0.0;0;0.000333333333333;0;0.0;0.0;0.0;0.0;1;0;0;1
220.0;20.0;0.000333333333333;0.0;0.0;0.0;0.0;0;0.000333333333333;0;0.0;0.0;0.0;0.0;1;0;0;1
240.0;20.0;0.000333333333333;0.0;0.0;0.0;0.0;0.000100639464951;5.33333321412e-05;0;0.0;0.000179360536241;0.0;0.0;1;0;0;1
260.0;20.0;0.000333333333333;0.000179360536241;1.97108534332e-06;3.94217068664e-05;0.000139938829375;9.88110004982e-05;0;0;3.91807921594e-05;0.000413641954369;0.0;0.0;1;0.904473844149;0;1
271.4998;11.4998;0.000191663333333;0.000413641954369;8.49279411876e-06;9.7665433807e-05;0.000315976520562;5.6343509225e-05;0;0;9.70715503751e-05;0.000548367895046;0.0;0.0;1;0.949996555684;0;2
281.0843;9.5845;0.000159741666667;0.000548367895046;1.39023661605e-05;0.000133247228466;0.00041512066658;4.66754725454e-05;0;0;0.000132443497512;0.000660630358213;1.08420217249e-19;0.0;1;0.950001569141;0;2
289.5886;8.5043;0.000141738333333;0.000660630358213;1.92521101783e-05;0.00016372572059;0.000496904637624;4.12152631351e-05;0;0;0.000162746251461;0.000760173959283;-1.08420217249e-19;0.0;1;0.950001044869;0;2
297.3634;7.7748;0.00012958;0.000760173959283;2.46051908512e-05;0.00019130043783;0.000568873521453;3.75279243126e-05;0;0;0.000190165448612;0.000851091045752;0.0;0.0;1;0.950000759532;0;2
304.5984;7.235;0.000120583333333;0.000851091045752;2.99770519964e-05;0.000216883971194;0.000634207074558;3.48012283974e-05;0;0;0.000215607807632;0.000935596987125;-1.08420217249e-19;0.0;1;0.949997640883;0;2
311.411;6.8126;0.000113543333333;0.000935596987125;3.5371549478e-05;0.000240972217974;0.000694624769152;3.26695767436e-05;0;0;0.000239565969889;0.00101506449563;0.0;0.0;1;0.950001701637;0;2
317.8801;6.4691;0.000107818333333;0.00101506449563;4.07888739715e-05;0.000263867304609;0.000751197191021;3.09380364335e-05;0;0;0.000262340033195;0.00109041752112;-2.16840434497e-19;0.0;1;0.949994438143;0;2
324.0622;6.1821;0.000103035;0.00109041752112;4.62277855759e-05;0.000285784793209;0.000804632727908;2.94929896317e-05;0;0;0.000284144096245;0.00116231883452;0.0;0.0;1;0.950006182293;0;2
329.9992;5.937;9.895e-05;0.00116231883452;5.16867732588e-05;0.000306864372837;0.000855454461684;2.82604415564e-05;0;0;0.000305116866836;0.00123126088696;0.0;0.0;1;0.950002537187;0;2
335.7235;5.7243;9.5405e-05;0.00123126088696;5.71640231125e-05;0.000327224017503;0.000904036869461;2.71921320723e-05;0;0;0.000325375492417;0.00129762522981;0.0;0.0;1;0.950005197124;0;2
341.2606;5.5371;9.2285e-05;0.00129762522981;6.2657892561e-05;0.0003469430169;0.000950682212906;2.62530771831e-05;0;0;0.000344998679228;0.00136171281495;0.0;0.0;1;0.949992042245;0;2
346.6313;5.3707;8.95116666667e-05;0.00136171281495;6.816671069e-05;0.000366102953103;0.000995609861848;2.54193420867e-05;0;0;0.000364067430352;0.00142376961678;0.0;0.0;1;0.949998531083;0;2
351.8526;5.2213;8.70216666667e-05;0.00142376961678;7.36891375627e-05;0.000384753093956;0.00103901652282;2.46716765172e-05;0;0;0.000382630630676;0.00148399714365;0.0;0.0;1;0.950003238466;0;2
356.9387;5.0861;8.47683333333e-05;0.00148399714365;7.92238310266e-05;0.000402940326984;0.00108105681667;2.39958634515e-05;0;0;0.0004007348087;0.00154256409525;0.0;0.0;1;0.950006910832;0;2
361.9016;4.9629;8.2715e-05;0.00154256409525;8.47695716159e-05;0.000420702906973;0.00112186118827;2.33807395094e-05;0;0;0.000418417917695;0.00159961336646;-2.16840434497e-19;0.0;1;0.950007321525;0;2
366.7515;4.8499;8.08316666667e-05;0.00159961336646;9.03252361523e-05;0.000438068362815;0.00116154500365;2.28171932394e-05;0;0;0.000435707251755;0.00165526672883;2.16840434497e-19;0.0;1;0.949991984223;0;2
371.4974;4.7459;7.90983333333e-05;0.00165526672883;9.58897270429e-05;0.000455083055573;0.00120018367325;2.2299061338e-05;0;0;0.000452648843123;0.00170963178837;0.0;0.0;1;0.949999682414;0;2
376.147;4.6496;7.74933333333e-05;0.00170963178837;0.000101462266882;0.000471758956092;0.00123787283228;2.18198070874e-05;0;0;0.000469254526948;0.00176280088547;0.0;0.0;1;0.95000051647;0;2
380.7071;4.5601;7.60016666667e-05;0.00176280088547;0.000107041982131;0.000488122142716;0.00127467874276;2.13748501892e-05;0;0;0.000485550175096;0.00181485573433;0.0;0.0;1;0.950003186852;0;2
385.1837;4.4766;7.461e-05;0.00181485573433;0.000112628123695;0.000504191058534;0.0013106646758;2.09601397184e-05;0;0;0.00050155407053;0.00186586860661;-2.16840434497e-19;0.0;1;0.950005380793;0;2
389.5821;4.3984;7.33066666667e-05;0.00186586860661;0.000118219994155;0.000519978822291;0.00134588978432;2.05721427947e-05;0;0;0.000517279204373;0.00191590351256;0.0;0.0;1;0.949999325046;0;2
393.9071;4.325;7.20833333333e-05;0.00191590351256;0.000123816908599;0.000535508129693;0.00138039538287;2.02083019192e-05;0;0;0.000532748099142;0.00196501851343;0.0;0.0;1;0.949998571634;0;2
398.163;4.2559;7.09316666667e-05;0.00196501851343;0.000129418315625;0.00055079140947;0.00141422710396;1.98660917397e-05;0;0;0.000547973068415;0.0020132657473;0.0;0.0;1;0.949999712115;0;2
402.3537;4.1907;6.9845e-05;0.0020132657473;0.000135023691279;0.000565843783042;0.00144742196426;1.95434810421e-05;0;0;0.00056296910822;0.00206069259143;0.0;0.0;1;0.950006567824;0;2
406.4827;4.129;6.88166666667e-05;0.00206069259143;0.000140632577443;0.000580671912262;0.00148002067917;1.92384614758e-05;0;0;0.000577742801535;0.0021073416859;0.0;0.0;1;0.950010523719;0;2
410.5531;4.0704;6.784e-05;0.0021073416859;0.000146244503645;0.000595273627638;0.00151206805826;1.89490449452e-05;0;0;0.000592291946462;0.00215325095978;0.0;0.0;1;0.949991551086;0;2
414.5679;4.0148;6.69133333333e-05;0.00215325095978;0.000151858915317;0.000609683173215;0.00154356778656;1.86746556621e-05;0;0;0.000606650574192;0.00219845703842;0.0;0.0;1;0.949990088251;0;2
418.5298;3.9619;6.60316666667e-05;0.00219845703842;0.000157475530873;0.000623902305764;0.00157455473266;1.84137997043e-05;0;0;0.000620820396089;0.00224299299571;4.33680868994e-19;0.0;1;0.949993608914;0;2
422.4413;3.9115;6.51916666667e-05;0.00224299299571;0.000163094023307;0.000637942272166;0.00160505072355;1.81654602643e-05;0;0;0.000634812568303;0.00228688949825;0.0;0.0;1;0.95000617452;0;2
426.3046;3.8633;6.43883333333e-05;0.00228688949825;0.000168714116422;0.000651793245975;0.00163509625228;1.79281668704e-05;0;0;0.000648617279135;0.00233017369788;0.0;0.0;1;0.950001605983;0;2
430.1218;3.8172;6.362e-05;0.00233017369788;0.000174335402265;0.000665473097526;0.00166470060035;1.77013865451e-05;0;0;0.000662252278868;0.00237287149267;4.33680868994e-19;0.0;1;0.94999675829;0;2
433.8949;3.7731;6.2885e-05;0.00237287149267;0.000179957595546;0.000678998003756;0.00169387348892;1.74845928336e-05;0;0;0.000675733636295;0.00241500753238;0.0;0.0;1;0.950005083322;0;2
437.6257;3.7308;6.218e-05;0.00241500753238;0.000185580511516;0.000692363772364;0.00172264376001;1.72768024288e-05;0;0;0.000689057151585;0.00245660410917;0.0;0.0;1;0.950011392171;0;2
441.3158;3.6901;6.15016666667e-05;0.00245660410917;0.000191203893587;0.000705561487724;0.00175104262145;1.70770389002e-05;0;0;0.000702213923995;0.00249768117321;0.0;0.0;1;0.949996124958;0;2
444.9668;3.651;6.085e-05;0.00249768117321;0.000196827385812;0.000718616785599;0.00177906438761;1.68852564674e-05;0;0;0.000715229440578;0.00253825857172;0.0;0.0;1;0.949987649546;0;2
448.5802;3.6134;6.02233333333e-05;0.00253825857172;0.000202450817102;0.000731535782517;0.0018067227892;1.67009503671e-05;0;0;0.00072810976515;0.00257835493732;0.0;0.0;1;0.949986866149;0;2
452.1574;3.5772;5.962e-05;0.00257835493732;0.000208074036288;0.00074432244261;0.00183403249471;1.65236198851e-05;0;0;0.000740858820617;0.00261798769544;-4.33680868994e-19;0.0;1;0.949992247619;0;2
455.6997;3.5423;5.90383333333e-05;0.00261798769544;0.000213696896522;0.00075697851655;0.00186100917889;1.63527680257e-05;0;0;0.000753478327775;0.00265717307197;0.0;0.0;1;0.94999997548;0;2
459.2083;3.5086;5.84766666667e-05;0.00265717307197;0.000219319240615;0.000769503487623;0.00188766958435;1.61879012142e-05;0;0;0.000765967751216;0.00269592610102;0.0;0.0;1;0.950004064184;0;2
462.6843;3.476;5.79333333333e-05;0.00269592610102;0.000224940887231;0.000781894524016;0.001914031577;1.60285290307e-05;0;0;0.000778324251438;0.00273426063274;0.0;0.0;1;0.949996474823;0;2
466.1288;3.4445;5.74083333333e-05;0.00273426063274;0.000230561617869;0.000794169492749;0.00194009113999;1.58746245888e-05;0;0;0.000790565593928;0.00277219044266;0.0;0.0;1;0.949994799438;0;2
469.5428;3.414;5.69e-05;0.00277219044266;0.000236181328596;0.000806323055828;0.00196586738684;1.57257021204e-05;0;0;0.000802686446804;0.00280972813152;0.0;0.0;1;0.949988179055;0;2
472.9273;3.3845;5.64083333333e-05;0.00280972813152;0.000241799860044;0.000818371626317;0.0019913565052;1.55817385646e-05;0;0;0.000814703131418;0.00284688623139;0.0;0.0;1;0.949992023345;0;2
476.2832;3.3559;5.59316666667e-05;0.00284688623139;0.000247417152972;0.00083030722366;0.00201657900773;1.54422521746e-05;0;0;0.000826607686823;0.00288367610904;0.0;0.0;1;0.94999291131;0;2
479.6114;3.3282;5.547e-05;0.00288367610904;0.000253033076239;0.00084214468434;0.0020415314247;1.5307223165e-05;0;0;0.000838414867346;0.00292010906888;0.0;0.0;1;0.950004294385;0;2
482.9127;3.3013;5.50216666667e-05;0.00292010906888;0.000258647585973;0.000853873275572;0.00206623579331;1.51761732868e-05;0;0;0.000850113972939;0.00295619525963;0.0;0.0;1;0.95001041103;0;2
486.1878;3.2751;5.4585e-05;0.00295619525963;0.000264260551495;0.000865479732201;0.00209071552743;1.50486263039e-05;0;0;0.000861691781196;0.00299194368232;0.0;0.0;1;0.949993939825;0;2
489.4375;3.2497;5.41616666667e-05;0.00299194368232;0.000269871745772;0.000877002212237;0.00211494147009;1.49250259869e-05;0;0;0.000873186267793;0.00302736437856;4.33680868994e-19;0.0;1;0.949994531471;0;2
492.6625;3.225;5.375e-05;0.00302736437856;0.000275481183147;0.000888426815648;0.00213893756291;1.48048981083e-05;0;0;0.000884583580788;0.00306246624559;4.33680868994e-19;0.0;1;0.949993723458;0;2
495.8635;3.201;5.335e-05;0.00306246624559;0.000281088773907;0.000899765165275;0.00216270108032;1.4688228836e-05;0;0;0.000895895279893;0.00309725813137;4.33680868994e-19;0.0;1;0.950001299279;0;2
499.0411;3.1776;5.296e-05;0.00309725813137;0.000286694491552;0.000911000416357;0.00218625771502;1.45745465189e-05;0;0;0.000907104580722;0.00313174774922;4.33680868994e-19;0.0;1;0.949996859795;0;2
502.1959;3.1548;5.258e-05;0.00313174774922;0.000292298193535;0.000922142340965;0.00220960540825;1.44638393473e-05;0;0;0.000918221200794;0.0031659427697;0.0;0.0;1;0.949988768548;0;2
505.3285;3.1326;5.221e-05;0.0031659427697;0.000297899791528;0.00093320088694;0.00223274188276;1.43560960455e-05;0;0;0.000929255034175;0.00319985082089;-4.33680868994e-19;0.0;1;0.949985154285;0;2
508.4395;3.111;5.185e-05;0.00319985082089;0.00030349924965;0.00094418616566;0.00225566465523;1.425130584e-05;0;0;0.000940216139258;0.00323347948865;-4.33680868994e-19;0.0;1;0.949993921451;0;2
511.5294;3.0899;5.14983333333e-05;0.00323347948865;0.00030909658277;0.000955077531101;0.00227840195755;1.4149000701e-05;0;0;0.000951083947093;0.00326683523727;0.0;0.0;1;0.949992015053;0;2
514.5987;3.0693;5.1155e-05;0.00326683523727;0.000314691673086;0.000965883152203;0.00230095208507;1.40491714794e-05;0;0;0.000961866581719;0.00329992449531;0.0;0.0;1;0.949986097141;0;2
517.648;3.0493;5.08216666667e-05;0.00329992449531;0.000320284445849;0.000976643360727;0.00232328113458;1.39522667952e-05;0;0;0.000972604198177;0.00333275473263;0.0;0.0;1;0.95001381111;0;2
520.6776;3.0296;5.04933333333e-05;0.00333275473263;0.000325875052085;0.000987271057797;0.00234548367483;1.38569059356e-05;0;0;0.000983210049795;0.00336533015203;0.0;0.0;1;0.949988213458;0;2
523.6881;3.0105;5.0175e-05;0.00336533015203;0.00033146313223;0.000997869759579;0.00236746039245;1.37644533415e-05;0;0;0.000993787215568;0.00339765815467;0.0;0.0;1;0.950008528932;0;2
526.6798;2.9917;4.98616666667e-05;0.00339765815467;0.000337048915882;0.00100834924164;0.00238930891303;1.36735299662e-05;0;0;0.00100424583396;0.00342974288369;0.0;0.0;1;0.949986305408;0;2
529.6532;2.9734;4.95566666667e-05;0.00342974288369;0.000342632113155;0.00101878232525;0.00241096055844;1.35850431287e-05;0;0;0.00101465841946;0.00346159060143;-4.33680868994e-19;0.0;1;0.949989742155;0;2
532.6087;2.9555;4.92583333333e-05;0.00346159060143;0.000348212839372;0.00102914304676;0.00243244755467;1.34985291087e-05;0;0;0.00102499910745;0.00349320646634;-4.33680868994e-19;0.0;1;0.949992439872;0;2
535.5467;2.938;4.89666666667e-05;0.00349320646634;0.000353791056471;0.00103943812391;0.00245376834242;1.34139816528e-05;0;0;0.00103527458116;0.0035245956086;4.33680868994e-19;0.0;1;0.949999240525;0;2
538.4676;2.9209;4.86816666667e-05;0.0035245956086;0.000359366757253;0.00104967436126;0.00247492124734;1.33313947462e-05;0;0;0.00104549161116;0.00355576313042;-4.33680868994e-19;0.0;1;0.950014873458;0;2
541.3717;2.9041;4.84016666667e-05;0.00355576313042;0.00036493996451;0.00105982215093;0.00249594097948;1.32503064903e-05;0;0;0.00105562070072;0.00358671304038;0.0;0.0;1;0.950011246851;0;2
544.2593;2.8876;4.81266666667e-05;0.00358671304038;0.000370510537719;0.00106988622872;0.00251682681167;1.31707119021e-05;0;0;0.0010656665585;0.00361744932493;-4.33680868994e-19;0.0;1;0.949992133413;0;2
547.1308;2.8715;4.78583333333e-05;0.00361744932493;0.000376078360734;0.00107990901285;0.00253754031208;1.30930619996e-05;0;0;0.00107567142834;0.00364797701175;0.0;0.0;1;0.949994306006;0;2
549.9865;2.8557;4.7595e-05;0.00364797701175;0.000381643535568;0.00108985944452;0.00255811756723;1.30168959055e-05;0;0;0.0010856043683;0.00367830003962;0.0;0.0;1;0.949988837261;0;2
552.8268;2.8403;4.73383333333e-05;0.00367830003962;0.00038720599579;0.00109978118984;0.00257851884978;1.29426647069e-05;0;0;0.0010955088681;0.0037084233865;0.0;0.0;1;0.950012695995;0;2
555.6519;2.8251;4.7085e-05;0.0037084233865;0.000392765893753;0.00110960292644;0.00259882046006;1.28694527555e-05;0;0;0.0011053138778;0.0037383498851;0.0;0.0;1;0.95000279154;0;2
558.4621;2.8102;4.68366666667e-05;0.0037383498851;0.000398323012788;0.00111936733054;0.00261898255457;1.27977117267e-05;0;0;0.00111506190081;0.00376808341032;0.0;0.0;1;0.949995582927;0;2
561.2577;2.7956;4.65933333333e-05;0.00376808341032;0.000403877351928;0.00112907952505;0.00263900388527;1.27274376166e-05;0;0;0.0011247580352;0.00379762781618;4.33680868994e-19;0.0;1;0.949994374688;0;2
564.039;2.7813;4.6355e-05;0.00379762781618;0.000409428930928;0.00113874468559;0.00265888313059;1.26586265571e-05;0;0;0.00113440743207;0.00382698693611;0.0;0.0;1;0.950002403869;0;2
566.8062;2.7672;4.612e-05;0.00382698693611;0.000414977789736;0.00114832653976;0.00267866039635;1.25908199387e-05;0;0;0.00114397395222;0.00385616352863;0.0;0.0;1;0.949988511956;0;2
569.5596;2.7534;4.589e-05;0.00385616352863;0.000420523786976;0.00115787019506;0.00269829333357;1.25244694025e-05;0;0;0.0011535025261;0.00388516139027;4.33680868994e-19;0.0;1;0.949989622629;0;2
572.2995;2.7399;4.5665e-05;0.00388516139027;0.000426066998792;0.00116738096999;0.00271778042028;1.24595714423e-05;0;0;0.00116299844873;0.00391398429757;8.67361737988e-19;0.0;1;0.950008791931;0;2
575.0261;2.7266;4.54433333333e-05;0.00391398429757;0.000431607520109;0.00117682106433;0.00273716323324;1.23956681707e-05;0;0;0.00117242405804;0.00394263495644;0.0;0.0;1;0.950014174125;0;2
577.7396;2.7135;4.5225e-05;0.00394263495644;0.000437145260498;0.00118619366436;0.00275644129208;1.23327567938e-05;0;0;0.00118178252266;0.00397111605794;0.0;0.0;1;0.950008037488;0;2
580.4402;2.7006;4.501e-05;0.00397111605794;0.000442680143916;0.00119550199666;0.00277561406128;1.22708346044e-05;0;0;0.00119107705164;0.00399943027832;8.67361737988e-19;0.0;1;0.949992607823;0;2
583.1282;2.688;4.48e-05;0.00399943027832;0.000448212108344;0.00120479414723;0.00279463613109;1.22103531142e-05;0;0;0.00120035554834;0.00402758132632;0.0;0.0;1;0.950005412171;0;2
585.8038;2.6756;4.45933333333e-05;0.00402758132632;0.000453741311675;0.00121403025352;0.0028135510728;1.21508552939e-05;0;0;0.00120957829374;0.00405557184458;0.0;0.0;1;0.950013744062;0;2
588.4671;2.6633;4.43883333333e-05;0.00405557184458;0.000459267721299;0.00122316772214;0.00283240412245;1.2091884785e-05;0;0;0.00121870284373;0.00408340341473;0.0;0.0;1;0.949984032327;0;2
591.1184;2.6513;4.41883333333e-05;0.00408340341473;0.000464791109359;0.00123230066824;0.00285110274649;1.20343472387e-05;0;0;0.00122782296091;0.0041110796935;-8.67361737988e-19;0.0;1;0.949989354105;0;2
593.7579;2.6395;4.39916666667e-05;0.0041110796935;0.000470311674289;0.00124138766428;0.00286969202921;1.1977786208e-05;0;0;0.00123689736061;0.00413860327028;0.0;0.0;1;0.949996390263;0;2
596.3858;2.6279;4.37983333333e-05;0.00413860327028;0.000475829419474;0.00125043213144;0.00288817113884;1.19221994497e-05;0;0;0.00124592943741;0.00416597671013;0.0;0.0;1;0.950007129579;0;2
599.0022;2.6164;4.36066666667e-05;0.00416597671013;0.000481344358282;0.00125938937901;0.00290658733112;1.1867131329e-05;0;0;0.00125487463951;0.00419320150597;0.0;0.0;1;0.949987217468;0;2
601.6074;2.6052;4.342e-05;0.00419320150597;0.000486856301052;0.0012683580355;0.00292484347047;1.18134868617e-05;0;0;0.00126383120781;0.00422028119142;0.0;0.0;1;0.950010879472;0;2
604.2015;2.5941;4.3235e-05;0.00422028119142;0.000492365484431;0.00127724530316;0.00294303588826;1.1760357073e-05;0;0;0.00127270662762;0.00424721715881;0.0;0.0;1;0.950007389729;0;2
606.7847;2.5832;4.30533333333e-05;0.00424721715881;0.000497871724234;0.00128610223804;0.00296111492077;1.17081935261e-05;0;0;0.00128155169625;0.00427401175683;8.67361737988e-19;0.0;1;0.950014763075;0;2
609.3571;2.5724;4.28733333333e-05;0.00427401175683;0.000503375042542;0.00129488195943;0.00297912979739;1.16565412391e-05;0;0;0.00129031958657;0.00430066617606;0.0;0.0;1;0.949997901415;0;2
611.9189;2.5618;4.26966666667e-05;0.00430066617606;0.00050887523481;0.00130363657654;0.00299702959952;1.16058516611e-05;0;0;0.0012990620594;0.00432718247393;8.67361737988e-19;0.0;1;0.949995080002;0;2
614.4703;2.5514;4.25233333333e-05;0.00432718247393;0.000514372284915;0.00131236944773;0.00301481302619;1.15561229435e-05;0;0;0.0013077822295;0.00435356246608;-8.67361737988e-19;0.0;1;0.950008077944;0;2
617.0114;2.5411;4.23516666667e-05;0.00435356246608;0.000519866137741;0.00132103184261;0.00303253062347;1.15069005578e-05;0;0;0.00131643121264;0.00437980660221;0.0;0.0;1;0.950001260272;0;2
619.5424;2.531;4.21833333333e-05;0.00437980660221;0.00052535646216;0.00132967720573;0.00305012939649;1.14586357827e-05;0;0;0.00132506182393;0.00440591591797;0.0;0.0;1;0.9500132867;0;2
622.0634;2.521;4.20166666667e-05;0.00440591591797;0.000530843055592;0.00133825534315;0.00306766057482;1.14108743747e-05;0;0;0.00133362345423;0.00443188982135;8.67361737988e-19;0.0;1;0.950008174756;0;2
624.5745;2.5111;4.18516666667e-05;0.00443188982135;0.000536325378408;0.00134676665772;0.00308512316363;1.13636150567e-05;0;0;0.00134211573451;0.00445772694975;8.67361737988e-19;0.0;1;0.94998700894;0;2
627.0759;2.5014;4.169e-05;0.00445772694975;0.000541802728417;0.00135526534486;0.00310246160489;1.13173089274e-05;0;0;0.00135059169122;0.00448342598718;0.0;0.0;1;0.949988835596;0;2
629.5678;2.4919;4.15316666667e-05;0.00448342598718;0.000547274411712;0.00136375310654;0.00311967288063;1.12719543969e-05;0;0;0.00135905179622;0.00450898438913;8.67361737988e-19;0.0;1;0.950015289472;0;2
632.0502;2.4824;4.13733333333e-05;0.00450898438913;0.000552739469698;0.00137212045958;0.00313686392955;1.12266456049e-05;0;0;0.00136738544854;0.00453439606582;8.67361737988e-19;0.0;1;0.949991442365;0;2
634.5233;2.4731;4.12183333333e-05;0.00453439606582;0.000558196175078;0.00138047496059;0.00315392110523;1.11822859081e-05;0;0;0.0013756980497;0.00455965520235;0.0;0.0;1;0.949994555192;0;2
636.9872;2.4639;4.1065e-05;0.00455965520235;0.000563642841547;0.00138875959729;0.00317089560507;1.11384218511e-05;0;0;0.00138393070277;0.00458475288599;8.67361737988e-19;0.0;1;0.94998764449;0;2
639.4421;2.4549;4.0915e-05;0.00458475288599;0.000569077093604;0.00139702735709;0.0031877255289;1.1095504233e-05;0;0;0.00139213383835;0.00460967886302;8.67361737988e-19;0.0;1;0.950010389848;0;2
641.888;2.4459;4.0765e-05;0.00460967886302;0.000574496236003;0.00140516034364;0.00320451851938;1.10526280511e-05;0;0;0.00140018733223;0.00463441822356;-8.67361737988e-19;0.0;1;0.949986643426;0;2
644.3251;2.4371;4.06183333333e-05;0.00463441822356;0.000579896523355;0.00141326581707;0.00322115240649;1.10106960442e-05;0;0;0.00140819520762;0.00465895525141;-8.67361737988e-19;0.0;1;0.94999475272;0;2
646.7535;2.4284;4.04733333333e-05;0.00465895525141;0.000585273986091;0.00142127934782;0.00323767590358;1.09692552371e-05;0;0;0.00141609023864;0.00468327022032;0.0;0.0;1;0.949997095652;0;2
649.1733;2.4198;4.033e-05;0.00468327022032;0.000590623721918;0.0014291912823;0.00325407893802;1.09283046519e-05;0;0;0.00142385971073;0.0047073403441;0.0;0.0;1;0.949994593944;0;2
651.5846;2.4113;4.01883333333e-05;0.0047073403441;0.000595940090369;0.00143699033991;0.00327035000419;1.08878433341e-05;0;0;0.0014314893156;0.00473113980979;8.67361737988e-19;0.0;1;0.949988156556;0;2
653.9876;2.403;4.005e-05;0.00473113980979;0.000601216709155;0.0014447237521;0.00328641605769;1.08483217158e-05;0;0;0.00143902316787;0.00475464090385;0.0;0.0;1;0.950018214636;0;2
656.3823;2.3947;3.99116666667e-05;0.00475464090385;0.00060644669501;0.00145225790054;0.00330238300331;1.08088359906e-05;0;0;0.00144632549366;0.00477781132764;0.0;0.0;1;0.950006855662;0;2
658.7688;2.3865;3.9775e-05;0.00477781132764;0.000611622058034;0.0014596360415;0.00331817528614;1.07698368034e-05;0;0;0.00145343711284;0.00480061756217;-8.67361737988e-19;0.0;1;0.94999421175;0;2
661.1472;2.3784;3.964e-05;0.00480061756217;0.000616734442222;0.00146684119738;0.00333377636479;1.07313232849e-05;0;0;0.00146033934106;0.00482302438257;-8.67361737988e-19;0.0;1;0.94998114356;0;2
663.5177;2.3705;3.95083333333e-05;0.00482302438257;0.000621775015417;0.00147391767405;0.00334910670852;1.06937456224e-05;0;0;0.00146707509899;0.00484499639522;0.0;0.0;1;0.950008576608;0;2
665.8803;2.3626;3.93766666667e-05;0.00484499639522;0.000626734815019;0.00148072367396;0.00336427272126;1.06562007527e-05;0;0;0.00147350272543;0.0048664959126;0.0;0.0;1;0.949997462889;0;2
668.2351;2.3548;3.92466666667e-05;0.0048664959126;0.000631604270542;0.00148730173627;0.00337919417633;1.06191390636e-05;0;0;0.00147966483407;0.004887486538;0.0;0.0;1;0.949988437029;0;2
670.5822;2.3471;3.91183333333e-05;0.004887486538;0.000636374016865;0.00149363345498;0.00339385308302;1.05825597617e-05;0;0;0.0014855441155;0.0049079329721;8.67361737988e-19;0.0;1;0.949982315411;0;2
672.9217;2.3395;3.89916666667e-05;0.0049079329721;0.000641034861271;0.00149970105794;0.00340823191415;1.05464620713e-05;0;0;0.00149112464458;0.00492780176332;0.0;0.0;1;0.949979903923;0;2
675.2537;2.332;3.88666666667e-05;0.00492780176332;0.000645577965872;0.00150548781641;0.00342231394691;1.05108452339e-05;0;0;0.0014963922462;0.00494706201455;-8.67361737988e-19;0.0;1;0.949981998173;0;2
677.5783;2.3246;3.87433333333e-05;0.00494706201455;0.000649995023057;0.0015109784306;0.00343608358395;1.04757085072e-05;0;0;0.00150133480834;0.00496568601711;-8.67361737988e-19;0.0;1;0.949989383717;0;2
679.8956;2.3173;3.86216666667e-05;0.00496568601711;0.000654278416726;0.00151615937508;0.00344952664203;1.04410511653e-05;0;0;0.00150594253082;0.00498364978835;8.67361737988e-19;0.0;1;0.95000283626;0;2
682.2056;2.31;3.85e-05;0.00498364978835;0.000658421363022;0.00152095334858;0.00346269643977;1.04064220785e-05;0;0;0.00151014272874;0.00500093274643;0.0;0.0;1;0.949981997107;0;2
684.5085;2.3029;3.83816666667e-05;0.00500093274643;0.000662417852399;0.00152548207229;0.00347545067414;1.03727215385e-05;0;0;0.00151406068946;0.00501752030873;0.0;0.0;1;0.950009616867;0;2
686.8043;2.2958;3.82633333333e-05;0.00501752030873;0.000666263267988;0.00152960721065;0.00348791309808;1.03390480227e-05;0;0;0.00151756363115;0.00503340101455;0.0;0.0;1;0.950004195537;0;2
689.0931;2.2888;3.81466666667e-05;0.00503340101455;0.000669953737429;0.00153339011423;0.00350001090032;1.03058513555e-05;0;0;0.00152071712387;0.0050485688395;0.0;0.0;1;0.950007471834;0;2
691.375;2.2819;3.80316666667e-05;0.0050485688395;0.000673486684134;0.00153682926452;0.00351173957498;1.02731308806e-05;0;0;0.00152352423236;0.00506302234313;0.0;0.0;1;0.950020178956;0;2
693.65;2.275;3.79166666667e-05;0.00506302234313;0.000676860644288;0.00153985796576;0.00352316437737;1.02404358982e-05;0;0;0.00152592327492;0.00507676388306;0.0;0.0;1;0.950001283029;0;2
695.9182;2.2682;3.78033333333e-05;0.00507676388306;0.000680075095028;0.00154254633054;0.00353421755252;1.02082160483e-05;0;0;0.00152798797139;0.0050898006412;8.67361737988e-19;0.0;1;0.949992884128;0;2
698.1797;2.2615;3.76916666667e-05;0.0050898006412;0.000683130703865;0.00154490008679;0.00354490055441;1.01764707107e-05;0;0;0.00152972783998;0.00510214359035;0.0;0.0;1;0.949995693295;0;2
700.4346;2.2549;3.75816666667e-05;0.00510214359035;0.000686029095305;0.001546927007;0.00355521658335;1.01451992782e-05;0;0;0.00153115405097;0.0051138071017;0.0;0.0;1;0.950010413233;0;2
702.6829;2.2483;3.74716666667e-05;0.0051138071017;0.000688772764114;0.00154856780556;0.00356523929615;1.01139513758e-05;0;0;0.00153221101872;0.00512480803016;0.0;0.0;1;0.949995484527;0;2
704.9247;2.2418;3.73633333333e-05;0.00512480803016;0.000691364863264;0.00154990175046;0.00357490627969;1.00831764043e-05;0;0;0.0015329798969;0.00513516633352;8.67361737988e-19;0.0;1;0.949993480771;0;2
707.1601;2.2354;3.72566666667e-05;0.00513516633352;0.000693809351097;0.00155094142344;0.00358422491008;1.0052873789e-05;0;0;0.00153347535121;0.00514490405417;0.0;0.0;1;0.950005084091;0;2
709.3891;2.229;3.715e-05;0.00514490405417;0.000696110751725;0.0015516308656;0.00359327318857;1.00225933879e-05;0;0;0.00153364388181;0.005154044477;0.0;0.0;1;0.949988349349;0;2
711.6118;2.2227;3.7045e-05;0.005154044477;0.000698273954392;0.00155205351843;0.00360199095857;9.99278442577e-06;0;0;0.00153356943881;0.00516261261296;-8.67361737988e-19;0.0;1;0.949986201004;0;2
713.8283;2.2165;3.69416666667e-05;0.00516261261296;0.000700304325208;0.00155222453682;0.00361038807613;9.96344635759e-06;0;0;0.00153326803118;0.00517063432763;0.0;0.0;1;0.949999301587;0;2
716.0386;2.2103;3.68383333333e-05;0.00517063432763;0.00070220749786;0.00155208923252;0.00361854509511;9.9341292674e-06;0;0;0.0015326863548;0.00517813565397;-8.67361737988e-19;0.0;1;0.949985326228;0;2
718.2428;2.2042;3.67366666667e-05;0.00517813565397;0.000703989206474;0.00155173300891;0.00362640264506;9.90528220663e-06;0;0;0.00153190919561;0.00518514322513;0.0;0.0;1;0.949987545762;0;2
720.441;2.1982;3.66366666667e-05;0.00518514322513;0.00070565538395;0.001551171665;0.00363397156013;9.8769046583e-06;0;0;0.00153095227018;0.00519168359232;0.0;0.0;1;0.950006603759;0;2
722.6332;2.1922;3.65366666667e-05;0.00519168359232;0.000707211995602;0.00155035013676;0.00364133345556;9.84854692498e-06;0;0;0.00152976113783;0.00519778271313;0.0;0.0;1;0.949999800942;0;2
724.8195;2.1863;3.64383333333e-05;0.00519778271313;0.000708664912678;0.00154935409859;0.00364842861454;9.82065788829e-06;0;0;0.00152842007672;0.00520346636671;0.0;0.0;1;0.950010749496;0;2
726.9999;2.1804;3.634e-05;0.00520346636671;0.000710020006612;0.00154812762242;0.0036553387443;9.7927879917e-06;0;0;0.00152687345442;0.00520875941073;0.0;0.0;1;0.949996503783;0;2
729.1745;2.1746;3.62433333333e-05;0.00520875941073;0.000711282967645;0.00154675594144;0.00366200346928;9.76538600432e-06;0;0;0.00152520477063;0.00521368618724;0.0;0.0;1;0.950000900918;0;2
731.3433;2.1688;3.61466666667e-05;0.00521368618724;0.000712459397405;0.00154518194109;0.00366850424615;9.73800250772e-06;0;0;0.00152335700492;0.00521826991523;0.0;0.0;1;0.949980749442;0;2
733.5064;2.1631;3.60516666667e-05;0.00521826991523;0.000713554660037;0.00154349008513;0.00367477983011;9.71108616003e-06;0;0;0.00152141267329;0.0052225330839;0.0;0.0;1;0.949980106952;0;2
735.6639;2.1575;3.59583333333e-05;0.0052225330839;0.000714573972479;0.00154169334562;0.00368083973828;9.68463650008e-06;0;0;0.00151938370868;0.00522649714379;0.0;0.0;1;0.949999567229;0;2
737.8158;2.1519;3.5865e-05;0.00522649714379;0.000715522327389;0.00153973249631;0.00368676464749;9.65820431306e-06;0;0;0.00151721086335;0.00523018230652;8.67361737988e-19;0.0;1;0.949995565093;0;2
739.9622;2.1464;3.57733333333e-05;0.00523018230652;0.000716404442133;0.0015376904946;0.00369249181193;9.63223809473e-06;0;0;0.00151497500302;0.00523360791019;-8.67361737988e-19;0.0;1;0.950012473343;0;2
742.1031;2.1409;3.56816666667e-05;0.00523360791019;0.000717224843466;0.00153550666738;0.00369810124281;9.60628876177e-06;0;0;0.00151261544085;0.00523679206156;-8.67361737988e-19;0.0;1;0.950006470981;0;2
744.2386;2.1355;3.55916666667e-05;0.00523679206156;0.000717987779428;0.00153326290297;0.00370352915859;9.58080470244e-06;0;0;0.00151021195739;0.00523975197795;-8.67361737988e-19;0.0;1;0.950022126005;0;2
746.3687;2.1301;3.55016666667e-05;0.00523975197795;0.00071869729902;0.00153089711664;0.00370885486131;9.55533696247e-06;0;0;0.00150770250675;0.00524250369776;0.0;0.0;1;0.950015348571;0;2
748.4934;2.1247;3.54116666667e-05;0.00524250369776;0.000719357180919;0.0015284182023;0.00371408549546;9.5298853531e-06;0;0;0.00150509499889;0.00524506227567;0.0;0.0;1;0.949986169505;0;2
750.6128;2.1194;3.53233333333e-05;0.00524506227567;0.000719970978509;0.00152590649185;0.00371915578382;9.50489810255e-06;0;0;0.00150246770604;0.00524744192508;0.0;0.0;1;0.949979409149;0;2
752.727;2.1142;3.52366666667e-05;0.00524744192508;0.000720542052574;0.00152337000755;0.00372407191753;9.48037480191e-06;0;0;0.0014998277012;0.00524965591059;0.0;0.0;1;0.949995466656;0;2
754.836;2.109;3.515e-05;0.00524965591059;0.000721073544196;0.00152074410471;0.00372891180588;9.45586674797e-06;0;0;0.0014971105549;0.00525171649403;0.0;0.0;1;0.949989640191;0;2
756.9399;2.1039;3.5065e-05;0.00525171649403;0.000721568360627;0.00151810767392;0.00373360882011;9.43182201468e-06;0;0;0.00149439319695;0.00525363519505;0.0;0.0;1;0.950006919717;0;2
759.0387;2.0988;3.498e-05;0.00525363519505;0.00072202923683;0.00151539496226;0.00373824023279;9.40779202099e-06;0;0;0.00149161019122;0.00525542263199;0.0;0.0;1;0.950002239377;0;2
761.1325;2.0938;3.48966666667e-05;0.00525542263199;0.000722458696406;0.00151268401853;0.00374273861345;9.38422473874e-06;0;0;0.00148883770033;0.00525708875571;-8.67361737988e-19;0.0;1;0.950020641452;0;2
763.2213;2.0888;3.48133333333e-05;0.00525708875571;0.00072285910699;0.00150990810268;0.00374718065303;9.36067170688e-06;0;0;0.0014860094021;0.00525864271676;0.0;0.0;1;0.950016644938;0;2
765.3051;2.0838;3.473e-05;0.00525864271676;0.000723232647682;0.00150707219124;0.00375157052552;9.33713276861e-06;0;0;0.00148312961154;0.00526009300429;0.0;0.0;1;0.949989697138;0;2
767.384;2.0789;3.46483333333e-05;0.00526009300429;0.000723581341861;0.00150425325159;0.00375583975269;9.31405574374e-06;0;0;0.00148027352138;0.00526144755166;8.67361737988e-19;0.0;1;0.94998481146;0;2
769.4581;2.0741;3.45683333333e-05;0.00526144755166;0.000723907082087;0.00150145567896;0.0037599918727;9.29144026738e-06;0;0;0.0014774449283;0.00526271369407;0.0;0.0;1;0.950001587509;0;2
771.5274;2.0693;3.44883333333e-05;0.00526271369407;0.000724211619501;0.00149861110423;0.00376410258984;9.26883811237e-06;0;0;0.00147457606714;0.0052638981522;8.67361737988e-19;0.0;1;0.94999355458;0;2
773.592;2.0646;3.441e-05;0.0052638981522;0.000724496559518;0.00149579559678;0.00376810255542;9.2466969518e-06;0;0;0.00147174133787;0.00526500719633;0.0;0.0;1;0.950005573793;0;2
775.6519;2.0599;3.43316666667e-05;0.00526500719633;0.000724763400993;0.00149294012971;0.00377206706663;9.2245686725e-06;0;0;0.00146887239873;0.00526604656335;0.0;0.0;1;0.949990621436;0;2
777.7072;2.0553;3.4255e-05;0.00526604656335;0.00072501351598;0.00149012027939;0.00377592628396;9.2029008504e-06;0;0;0.00146604321875;0.00526702160186;0.0;0.0;1;0.949993421024;0;2
779.758;2.0508;3.418e-05;0.00526702160186;0.000725248184418;0.0014873389766;0.00377968262525;9.18169314572e-06;0;0;0.00146325631212;0.00526793724422;8.67361737988e-19;0.0;1;0.95001271592;0;2
781.8043;2.0463;3.4105e-05;0.00526793724422;0.000725468587214;0.00148452637002;0.00378341087421;9.16049761389e-06;0;0;0.00146044261898;0.00526879799558;0.0;0.0;1;0.95000065455;0;2
783.8462;2.0419;3.40316666667e-05;0.00526879799558;0.000725675803415;0.00148175742299;0.00378704057259;9.13976168837e-06;0;0;0.00145767557672;0.00526960805428;-8.67361737988e-19;0.0;1;0.950001778759;0;2
785.8838;2.0376;3.396e-05;0.00526960805428;0.000725870839061;0.00147903442167;0.00379057363261;9.11948504366e-06;0;0;0.00145495714115;0.00527037128872;0.0;0.0;1;0.950014373818;0;2
787.9171;2.0333;3.38883333333e-05;0.00527037128872;0.000726054621476;0.00147628686185;0.00379408442688;9.09921989961e-06;0;0;0.00145221768694;0.00527109122725;0.0;0.0;1;0.949989888894;0;2
789.9463;2.0292;3.382e-05;0.00527109122725;0.000726227996732;0.00147366185097;0.00379742937628;9.07986096011e-06;0;0;0.00144960167665;0.00527177119196;0.0;0.0;1;0.950019660239;0;2
791.9714;2.0251;3.37516666667e-05;0.00527177119196;0.000726391761781;0.00147101595678;0.00380075523518;9.06051299368e-06;0;0;0.00144696778563;0.00527241417448;0.0;0.0;1;0.950008282111;0;2
793.9925;2.0211;3.3685e-05;0.00527241417448;0.000726546634446;0.00146842340288;0.00380399077161;9.04162320306e-06;0;0;0.00144438881604;0.00527302296444;8.67361737988e-19;0.0;1;0.950000402889;0;2
796.0097;2.0172;3.362e-05;0.00527302296444;0.000726693284303;0.0014658856931;0.00380713727134;9.0231912859e-06;0;0;0.00144186605083;0.00527360013089;0.0;0.0;1;0.949994068023;0;2
798.0231;2.0134;3.35566666667e-05;0.00527360013089;0.000726832328149;0.0014634042095;0.00381019592139;9.00521694452e-06;0;0;0.00143940066869;0.00527414803981;0.0;0.0;1;0.949987383227;0;2
800.0328;2.0097;3.3495e-05;0.00527414803981;0.000726964334164;0.00146098022237;0.00381316781744;8.98769988585e-06;0;0;0.00143699375269;0.00527466887024;-8.67361737988e-19;0.0;1;0.949978552744;0;2
802.039;2.0062;3.34366666667e-05;0.00527466887024;0.000727089825753;0.00145868760843;0.00381598126182;8.97108694171e-06;0;0;0.00143471781244;0.00527516465398;0.0;0.0;1;0.950013269648;0;2
804.0417;2.0027;3.33783333333e-05;0.00527516465398;0.000727209291072;0.00145638204723;0.00381878260675;8.95448349243e-06;0;0;0.0014324307562;0.00527563721279;0.0;0.0;1;0.949995497337;0;2
806.0411;1.9994;3.33233333333e-05;0.00527563721279;0.000727323167869;0.00145420994184;0.00382142727095;8.93878350022e-06;0;0;0.00143027645189;0.00527608827268;-8.67361737988e-19;0.0;1;0.950018639226;0;2
808.0372;1.9961;3.32683333333e-05;0.00527608827268;0.000727431870994;0.00145202675769;0.00382406151499;8.92309254349e-06;0;0;0.00142811262281;0.00527651937859;0.0;0.0;1;0.949986745523;0;2
810.0302;1.993;3.32166666667e-05;0.00527651937859;0.000727535771808;0.00144997879321;0.00382654058537;8.90830440419e-06;0;0;0.00142608305011;0.00527693199774;0.0;0.0;1;0.949994004084;0;2
812.0202;1.99;3.31666666667e-05;0.00527693199774;0.000727635223079;0.00144799409393;0.00382893790382;8.893971743e-06;0;0;0.0014241168621;0.00527732746083;-8.67361737988e-19;0.0;1;0.949992384574;0;2
814.0073;1.9871;3.31183333333e-05;0.00527732746083;0.00072773054478;0.00144607336553;0.0038312540953;8.88009429774e-06;0;0;0.00142221466035;0.00527770699469;8.67361737988e-19;0.0;1;0.949981552658;0;2
815.9917;1.9844;3.30733333333e-05;0.00527770699469;0.000727822031951;0.0014442900402;0.00383341695449;8.86711860554e-06;0;0;0.00142044857984;0.00527807174906;8.67361737988e-19;0.0;1;0.95000930927;0;2
817.9734;1.9817;3.30283333333e-05;0.00527807174906;0.000727909961144;0.00144249917;0.00383557257906;8.85415072974e-06;0;0;0.00141867598597;0.00527842274763;0.0;0.0;1;0.949980218353;0;2
819.9526;1.9792;3.29866666667e-05;0.00527842274763;0.000727994578599;0.00144084686996;0.00383757587767;8.84208401145e-06;0;0;0.00141704051001;0.00527876097034;8.67361737988e-19;0.0;1;0.949990449489;0;2
821.9294;1.9768;3.29466666667e-05;0.00527876097034;0.000728076120076;0.00143926087417;0.00383950009617;8.83047136321e-06;0;0;0.0014154710124;0.00527908730387;0.0;0.0;1;0.949992846519;0;2
823.9039;1.9745;3.29083333333e-05;0.00527908730387;0.00072815479892;0.00143774165047;0.00384134565341;8.81931254219e-06;0;0;0.0014139678926;0.00527940256679;0.0;0.0;1;0.94998827926;0;2
825.8762;1.9723;3.28716666667e-05;0.00527940256679;0.0007282308121;0.0014362896307;0.00384311293609;8.80860730887e-06;0;0;0.00141253151949;0.00527970751493;0.0;0.0;1;0.949977816724;0;2
827.8465;1.9703;3.28383333333e-05;0.00527970751493;0.000728304341509;0.00143497804407;0.00384472947086;8.79880195437e-06;0;0;0.00141123385922;0.00528000286146;-8.67361737988e-19;0.0;1;0.950010922503;0;2
829.8148;1.9683;3.2805e-05;0.00528000286146;0.000728375558796;0.00143366161238;0.00384634124908;8.78900310275e-06;0;0;0.0014099319895;0.00528028923548;-8.67361737988e-19;0.0;1;0.949992662246;0;2
831.7813;1.9665;3.2775e-05;0.00528028923548;0.000728444615376;0.00143248633614;0.00384780289934;8.78010357987e-06;0;0;0.00140876945164;0.0052805672474;8.67361737988e-19;0.0;1;0.950020994842;0;2
833.746;1.9647;3.2745e-05;0.0052805672474;0.00072851165819;0.00143130685485;0.00384926039256;8.77121019157e-06;0;0;0.00140760325112;0.00528083743349;0.0;0.0;1;0.950001032026;0;2
835.709;1.963;3.27166666667e-05;0.00528083743349;0.000728576816326;0.00143019629045;0.00385064114304;8.76276924117e-06;0;0;0.00140650526312;0.00528110030359;-8.67361737988e-19;0.0;1;0.949982724337;0;2
837.6705;1.9615;3.26916666667e-05;0.00528110030359;0.00072864021253;0.00142922777688;0.00385187252671;8.75522681781e-06;0;0;0.00140554737592;0.00528135634248;0.0;0.0;1;0.950016305541;0;2
839.6305;1.96;3.26666666667e-05;0.00528135634248;0.000728701963526;0.00142825584851;0.00385310049397;8.74768999608e-06;0;0;0.00140458650233;0.00528160597296;8.67361737988e-19;0.0;1;0.950006829886;0;2
841.5891;1.9586;3.26433333333e-05;0.00528160597296;0.00072876217111;0.00142735358834;0.00385425238463;8.74060495679e-06;0;0;0.00140369448625;0.00528184959926;0.0;0.0;1;0.950004527122;0;2
843.5464;1.9573;3.26216666667e-05;0.00528184959926;0.000728820932615;0.00142652121141;0.00385532838785;8.7339714866e-06;0;0;0.0014028715127;0.00528208759573;0.0;0.0;1;0.950011285319;0;2
845.5024;1.956;3.26e-05;0.00528208759573;0.000728878338192;0.0014256860295;0.00385640156623;8.72734323377e-06;0;0;0.00140204607434;0.00528232029733;0.0;0.0;1;0.949980422019;0;2
847.4573;1.9549;3.25816666667e-05;0.00528232029733;0.000728934468497;0.00142499399246;0.00385732630487;8.72161235591e-06;0;0;0.00140136167884;0.00528254803802;-8.67361737988e-19;0.0;1;0.950010883428;0;2
849.4111;1.9538;3.25633333333e-05;0.00528254803802;0.000728989403965;0.00142429949747;0.00385824854056;8.71588636438e-06;0;0;0.00140067511695;0.00528277110447;0.0;0.0;1;0.950007382901;0;2
851.3639;1.9528;3.25466666667e-05;0.00528277110447;0.000729043213633;0.00142367558758;0.00385909551689;8.71061123781e-06;0;0;0.00140005820162;0.00528298977394;0.0;0.0;1;0.950020271556;0;2
853.3157;1.9518;3.253e-05;0.00528298977394;0.000729095964278;0.00142304950308;0.00385994027086;8.70534079941e-06;0;0;0.00139943936263;0.00528320429269;0.0;0.0;1;0.950002644681;0;2
855.2666;1.9509;3.2515e-05;0.00528320429269;0.000729147715215;0.00142249427761;0.00386071001508;8.7005209474e-06;0;0;0.00139889040611;0.00528341490024;0.0;0.0;1;0.950004823866;0;2
857.2166;1.95;3.25e-05;0.00528341490024;0.000729198524134;0.00142193712206;0.00386147777818;8.69570559047e-06;0;0;0.00139833973581;0.00528362180839;0.0;0.0;1;0.949979759166;0;2
859.1658;1.9492;3.24866666667e-05;0.00528362180839;0.000729248442053;0.00142145106325;0.00386217074514;8.69134054708e-06;0;0;0.00139785915317;0.00528382522444;0.0;0.0;1;0.949977712736;0;2
861.1143;1.9485;3.2475e-05;0.00528382522444;0.000729297518903;0.00142103621558;0.00386278900886;8.68742562187e-06;0;0;0.00139744875786;0.00528402534109;8.67361737988e-19;0.0;1;0.95000023206;0;2
863.0621;1.9478;3.24633333333e-05;0.00528402534109;0.000729345801109;0.0014206197514;0.00386340558969;8.68351485071e-06;0;0;0.0013970369193;0.00528422232748;8.67361737988e-19;0.0;1;0.950000024407;0;2
865.0092;1.9471;3.24516666667e-05;0.00528422232748;0.000729393329411;0.0014202017517;0.00386402057578;8.67960820342e-06;0;0;0.00139662370666;0.00528441634091;0.0;0.0;1;0.949978436223;0;2
866.9557;1.9465;3.24416666667e-05;0.00528441634091;0.000729440141702;0.00141985523582;0.00386456110509;8.67615134088e-06;0;0;0.00139628091722;0.00528460753763;-8.67361737988e-19;0.0;1;0.949985560719;0;2
868.9017;1.946;3.24333333333e-05;0.00528460753763;0.000729486275624;0.00141958029237;0.00386502724526;8.67314407407e-06;0;0;0.00139600862868;0.0052847960632;0.0;0.0;1;0.950022685285;0;2
870.8471;1.9454;3.24233333333e-05;0.0052847960632;0.000729531766247;0.00141923109806;0.00386556496514;8.66969499352e-06;0;0;0.00139566343066;0.00528498203414;0.0;0.0;1;0.949993363757;0;2
872.792;1.9449;3.2415e-05;0.00528498203414;0.000729576641636;0.00141895361032;0.00386602842383;8.66669537392e-06;0;0;0.00139538884935;0.0052851655778;-8.67361737988e-19;0.0;1;0.94999633848;0;2
874.7364;1.9444;3.24066666667e-05;0.0052851655778;0.000729620932471;0.0014186749411;0.00386649063671;8.6636994978e-06;0;0;0.0013951131998;0.00528534680367;0.0;0.0;1;0.949983849842;0;2
876.6804;1.944;3.24e-05;0.00528534680367;0.00072966466513;0.00141846810901;0.00386687869466;8.6611528321e-06;0;0;0.00139490828127;0.0052855258231;0.0;0.0;1;0.950005755985;0;2
878.624;1.9436;3.23933333333e-05;0.0052855258231;0.00072970786644;0.00141826020921;0.00386726561389;8.65860974037e-06;0;0;0.00139470239353;0.005285702731;-8.67361737988e-19;0.0;1;0.950014155003;0;2
880.5672;1.9432;3.23866666667e-05;0.005285702731;0.00072975055927;0.00141805128677;0.00386765144423;8.65607019776e-06;0;0;0.00139449557528;0.00528587761598;0.0;0.0;1;0.950009925552;0;2
882.51;1.9428;3.238e-05;0.00528587761598;0.000729792764961;0.00141784138377;0.00386803623221;8.65353417968e-06;0;0;0.00139428786272;0.00528605056076;0.0;0.0;1;0.949993895778;0;2
884.4525;1.9425;3.2375e-05;0.00528605056076;0.000729834503442;0.00141770352294;0.00386834703782;8.6514470001e-06;0;0;0.00139415106065;0.00528622165146;-8.67361737988e-19;0.0;1;0.950015752046;0;2
886.3946;1.9421;3.23683333333e-05;0.00528622165146;0.000729875795469;0.00141749178238;0.00386872986908;8.64891788143e-06;0;0;0.00139394166679;0.00528639095132;0.0;0.0;1;0.949978429766;0;2
888.3364;1.9418;3.23633333333e-05;0.00528639095132;0.000729916656265;0.00141735216313;0.00386903878819;8.64683747723e-06;0;0;0.00139380325253;0.00528655853657;-8.67361737988e-19;0.0;1;0.949980428854;0;2
890.278;1.9416;3.236e-05;0.00528655853657;0.000729957104201;0.00141728471352;0.00386927382306;8.64520561166e-06;0;0;0.00139373586134;0.00528672447878;8.67361737988e-19;0.0;1;0.950022423815;0;2
892.2193;1.9413;3.2355e-05;0.00528672447878;0.000729997156523;0.00141714347996;0.00386958099882;8.64313173877e-06;0;0;0.00139359596109;0.00528688882818;0.0;0.0;1;0.950007171035;0;2
894.1603;1.941;3.235e-05;0.00528688882818;0.000730036825325;0.00141700147796;0.00386988735022;8.64106113637e-06;0;0;0.00139345535093;0.00528705164002;0.0;0.0;1;0.949984149998;0;2
896.1011;1.9408;3.23466666667e-05;0.00528705164002;0.000730076123919;0.0014169317413;0.00387011989872;8.6394388931e-06;0;0;0.00139338584798;0.00528721297447;0.0;0.0;1;0.950002837985;0;2
898.0417;1.9406;3.23433333333e-05;0.00528721297447;0.000730115066801;0.00141686129863;0.00387035167583;8.6378197641e-06;0;0;0.0013933156905;0.0052873728799;0.0;0.0;1;0.950014796927;0;2
899.9821;1.9404;3.234e-05;0.0052873728799;0.000730153665625;0.00141679017278;0.00387058270712;8.63620372861e-06;0;0;0.00139324489834;0.00528753140173;0.0;0.0;1;0.950020486494;0;2
901.9223;1.9402;3.23366666667e-05;0.00528753140173;0.000730191931331;0.00141671838517;0.00387081301657;8.63459076608e-06;0;0;0.00139317349017;0.00528768858264;0.0;0.0;1;0.950020336057;0;2
903.8623;1.94;3.23333333333e-05;0.00528768858264;0.000730229874195;0.00141664595594;0.0038710426267;8.63298085615e-06;0;0;0.00139310148354;0.00528784446271;0.0;0.0;1;0.950014746442;0;2
905.8021;1.9398;3.233e-05;0.00528784446271;0.000730267503878;0.00141657290402;0.00387127155869;8.63137397864e-06;0;0;0.00139302889499;0.0052879990797;0.0;0.0;1;0.950004091623;0;2
907.7417;1.9396;3.23266666667e-05;0.0052879990797;0.000730304829469;0.00141649924724;0.00387149983246;8.62977011356e-06;0;0;0.0013929557401;0.00528815246911;0.0;0.0;1;0.94998872035;0;2
909.6812;1.9395;3.2325e-05;0.00528815246911;0.000730341859521;0.00141649803654;0.00387165443257;8.6286140931e-06;0;0;0.00139295385383;0.0052883046723;0.0;0.0;1;0.950017940316;0;2
911.6205;1.9393;3.23216666667e-05;0.0052883046723;0.000730378604;0.00141642322674;0.00387188144556;8.62701612082e-06;0;0;0.00139287961672;0.00528845571283;0.0;0.0;1;0.949994096799;0;2
913.5597;1.9392;3.232e-05;0.00528845571283;0.000730415068574;0.00141642090098;0.00387203481185;8.62586588192e-06;0;0;0.00139287668228;0.00528860562825;0.0;0.0;1;0.950015436332;0;2
915.4987;1.939;3.23166666667e-05;0.00528860562825;0.000730451262292;0.00141634499758;0.00387226063067;8.6242737261e-06;0;0;0.00139280141521;0.00528875443882;0.0;0.0;1;0.949984248339;0;2
917.4376;1.9389;3.2315e-05;0.00528875443882;0.000730487190027;0.00141634161274;0.00387241282607;8.62312919368e-06;0;0;0.00139279748191;0.00528890217879;0.0;0.0;1;0.94999875674;0;2
919.3764;1.9388;3.23133333333e-05;0.00528890217879;0.000730522860033;0.00141633772103;0.00387256445775;8.6219874509e-06;0;0;0.00139279306953;0.00528904887316;0.0;0.0;1;0.950010201599;0;2
921.3151;1.9387;3.23116666667e-05;0.00528904887316;0.000730558278331;0.0014163333342;0.00387271553896;8.62084847983e-06;0;0;0.00139278818848;0.00528919454563;0.0;0.0;1;0.950018793638;0;2
923.2536;1.9385;3.23083333333e-05;0.00528919454563;0.000730593450623;0.00141625540403;0.0038729391416;8.6192676624e-06;0;0;0.00139271100387;0.00528933921114;0.0;0.0;1;0.949975723134;0;2
925.192;1.9384;3.23066666667e-05;0.00528933921114;0.000730628380504;0.00141625005277;0.00387308915837;8.61813425253e-06;0;0;0.00139270520779;0.00528948289858;0.0;0.0;1;0.949979178338;0;2
927.1303;1.9383;3.2305e-05;0.00528948289858;0.000730663074934;0.00141624423815;0.00387323866043;8.61700356119e-06;0;0;0.00139269897129;0.00528962562816;0.0;0.0;1;0.949980328737;0;2
929.0685;1.9382;3.23033333333e-05;0.00528962562816;0.000730697538781;0.00141623796967;0.00387338765849;8.61587557109e-06;0;0;0.00139269230285;0.0052897674191;8.67361737988e-19;0.0;1;0.949979331776;0;2
931.0066;1.9381;3.23016666667e-05;0.0052897674191;0.000730731776671;0.00141623125637;0.00387353616274;8.61475026511e-06;0;0;0.00139268521055;0.00528990828969;0.0;0.0;1;0.949976333771;0;2
932.9447;1.9381;3.23016666667e-05;0.00528990828969;0.000730765793005;0.00141629718342;0.00387361110627;8.61407205098e-06;0;0;0.00139274956371;0.00529004826459;0.0;0.0;1;0.950020488809;0;1
934.8827;1.938;3.23e-05;0.00529004826459;0.000730799593726;0.00141628961264;0.00387375865195;8.61295199295e-06;0;0;0.00139274165309;0.00529018735305;-8.67361737988e-19;0.0;1;0.950013891306;0;2
936.8206;1.9379;3.22983333333e-05;0.00529018735305;0.000730833181054;0.00141628162156;0.00387390573148;8.61183456895e-06;0;0;0.00139273334065;0.0052903255709;0.0;0.0;1;0.950005672088;0;2
938.7584;1.9378;3.22966666667e-05;0.0052903255709;0.000730866558802;0.00141627321765;0.00387405235325;8.61071976247e-06;0;0;0.00139272463312;0.00529046293328;-8.67361737988e-19;0.0;1;0.949995940152;0;2
940.6961;1.9377;3.2295e-05;0.00529046293328;0.00073089973061;0.001416264408;0.00387419852528;8.60960755711e-06;0;0;0.00139271553693;0.00529059945465;0.0;0.0;1;0.949984796725;0;2
942.6338;1.9377;3.2295e-05;0.00529059945465;0.000730932699959;0.00141632829271;0.00387427116193;8.608942189e-06;0;0;0.00139277793613;0.00529073515588;0.0;0.0;1;0.950021364108;0;1
944.5714;1.9376;3.22933333333e-05;0.00529073515588;0.000730965471881;0.00141631869832;0.00387441645756;8.60783506907e-06;0;0;0.00139276808729;0.00529087004312;0.0;0.0;1;0.950007676647;0;2
946.5089;1.9375;3.22916666667e-05;0.00529087004312;0.000730998047845;0.0014163087177;0.00387456132542;8.60673050235e-06;0;0;0.0013927578675;0.00529100412908;0.0;0.0;1;0.949992839861;0;2
948.4463;1.9374;3.229e-05;0.00529100412908;0.000731030430912;0.00141629835685;0.00387470577223;8.60562847299e-06;0;0;0.00139274728221;0.00529113742597;0.0;0.0;1;0.949976929021;0;2
950.3837;1.9374;3.229e-05;0.00529113742597;0.00073106262402;0.00141636072778;0.00387477669819;8.60497308213e-06;0;0;0.00139280822728;0.00529126995239;0.0;0.0;1;0.950009049271;0;1
952.321;1.9373;3.22883333333e-05;0.00529126995239;0.000731094631649;0.00141634962989;0.00387492032249;8.60387601338e-06;0;0;0.00139279693285;0.00529140171267;0.0;0.0;1;0.949991198211;0;2
954.2583;1.9373;3.22883333333e-05;0.00529140171267;0.000731126454835;0.00141641128095;0.00387499043171;8.60322548548e-06;0;0;0.0013928571849;0.00529153272446;-8.67361737988e-19;0.0;1;0.950021506409;0;1
956.1955;1.9372;3.22866666667e-05;0.00529153272446;0.000731158097832;0.00141639946712;0.00387513325734;8.60213331688e-06;0;0;0.00139284520067;0.00529166299136;0.0;0.0;1;0.950001956003;0;2
958.1326;1.9371;3.2285e-05;0.00529166299136;0.000731189561498;0.00141638729958;0.00387527569178;8.6010436093e-06;0;0;0.00139283287528;0.00529179252345;0.0;0.0;1;0.949981634199;0;2
960.0697;1.9371;3.2285e-05;0.00529179252345;0.000731220848259;0.00141644790516;0.00387534461829;8.60040029783e-06;0;0;0.00139289211918;0.00529192133718;0.0;0.0;1;0.95000963212;0;1
962.0067;1.937;3.22833333333e-05;0.00529192133718;0.000731251962075;0.00141643505054;0.00387548628664;8.5993154013e-06;0;0;0.00139287913061;0.00529204943518;0.0;0.0;1;0.949987911626;0;2
963.9437;1.937;3.22833333333e-05;0.00529204943518;0.000731282903578;0.00141649498423;0.00387555445095;8.59867680575e-06;0;0;0.00139293772571;0.00529217683319;0.0;0.0;1;0.950014599942;0;1
965.8806;1.9369;3.22816666667e-05;0.00529217683319;0.000731313676554;0.00141648146012;0.00387569537307;8.59759666237e-06;0;0;0.00139292409026;0.00529230353333;0.0;0.0;1;0.949991647069;0;2
967.8175;1.9369;3.22816666667e-05;0.00529230353333;0.000731344281511;0.00141654073886;0.00387576279447;8.59696272581e-06;0;0;0.00139298205227;0.00529242955069;0.0;0.0;1;0.950017180111;0;1
969.7543;1.9368;3.228e-05;0.00529242955069;0.000731374722082;0.00141652656173;0.00387590298896;8.59588727865e-06;0;0;0.00139296778525;0.00529255488693;0.0;0.0;1;0.949993138329;0;2
971.6911;1.9368;3.228e-05;0.00529255488693;0.000731404998661;0.00141658520141;0.00387596968552;8.5952579451e-06;0;0;0.00139302512898;0.00529267955656;0.0;0.0;1;0.950017649257;0;1
973.6278;1.9367;3.22783333333e-05;0.00529267955656;0.000731435114744;0.00141657038672;0.00387610916983;8.59418713817e-06;0;0;0.00139301024482;0.00529280356085;0.0;0.0;1;0.949992642384;0;2
975.5645;1.9367;3.22783333333e-05;0.00529280356085;0.000731465070629;0.00141662840229;0.00387617515856;8.59356235258e-06;0;0;0.00139306698424;0.00529292691378;-8.67361737988e-19;0.0;1;0.95001624614;0;1
977.5011;1.9366;3.22766666667e-05;0.00529292691378;0.000731494869685;0.00141661296463;0.00387631394915;8.59249613084e-06;0;0;0.00139305149658;0.00529304961626;8.67361737988e-19;0.0;1;0.949990381084;0;2
979.4377;1.9366;3.22766666667e-05;0.00529304961626;0.000731524512125;0.00141667037018;0.00387637924608;8.59187583909e-06;0;0;0.00139310764491;0.00529317168182;-8.67361737988e-19;0.0;1;0.950013176941;0;1
981.3742;1.9365;3.2275e-05;0.00529317168182;0.000731554001206;0.00141665432334;0.00387651735849;8.5908141484e-06;0;0;0.00139309156671;0.00529329311104;0.0;0.0;1;0.949986546069;0;2
983.3107;1.9365;3.2275e-05;0.00529329311104;0.000731583337063;0.00141671113222;0.00387658197882;8.59019829724e-06;0;0;0.0013931471365;0.00529341391702;0.0;0.0;1;0.950008619821;0;1
985.2471;1.9364;3.22733333333e-05;0.00529341391702;0.000731612522852;0.00141669448925;0.00387671942777;8.58914108436e-06;0;0;0.00139313048005;0.00529353410007;0.0;0.0;1;0.949981302991;0;2
987.1835;1.9364;3.22733333333e-05;0.00529353410007;0.00073164155864;0.00141675071415;0.00387678338592;8.58852962146e-06;0;0;0.00139318548326;0.0052936536729;0.0;0.0;1;0.950002728845;0;1
989.1199;1.9364;3.22733333333e-05;0.0052936536729;0.000731670447489;0.00141680665452;0.00387684701838;8.5879203019e-06;0;0;0.00139324021032;0.00529377264173;-8.67361737988e-19;0.0;1;0.950023856503;0;1
991.0562;1.9363;3.22716666667e-05;0.00529377264173;0.000731699190899;0.00141678914334;0.00387698349839;8.58686967656e-06;0;0;0.00139322271116;0.00529389100654;0.0;0.0;1;0.949995638436;0;2
992.9925;1.9363;3.22716666667e-05;0.00529389100654;0.000731727788853;0.00141684451756;0.00387704648899;8.58626466865e-06;0;0;0.00139327688851;0.0052940087795;0.0;0.0;1;0.950016211218;0;1
994.9287;1.9362;3.227e-05;0.0052940087795;0.000731756244284;0.00141682644018;0.00387718233931;8.58521839212e-06;0;0;0.00139325883942;0.00529412596035;0.0;0.0;1;0.949987462981;0;2
996.8649;1.9362;3.227e-05;0.00529412596035;0.000731784557125;0.00141688125951;0.00387724470084;8.58461764562e-06;0;0;0.00139331247775;0.00529424256094;0.0;0.0;1;0.950007532738;0;1
998.801;1.9361;3.22683333333e-05;0.00529424256094;0.000731812730233;0.001416862627;0.00387737993394;8.58357566763e-06;0;0;0.00139329388925;0.00529435858086;0.0;0.0;1;0.949978302689;0;2
1000.7371;1.9361;3.22683333333e-05;0.00529435858086;0.000731840763496;0.0014169169022;0.00387744167865;8.58297913311e-06;0;0;0.00139334699879;0.00529447403164;-8.67361737988e-19;0.0;1;0.949997914435;0;1
1002.6732;1.9361;3.22683333333e-05;0.00529447403164;0.000731868659701;0.00141697091205;0.0038775031196;8.58238465564e-06;0;0;0.0013933998504;0.00529458891867;8.67361737988e-19;0.0;1;0.950017313194;0;1
1004.6092;1.936;3.22666666667e-05;0.00529458891867;0.000731896420137;0.00141695146938;0.00387763744929;8.58134900248e-06;0;0;0.00139338047432;0.00529470324127;0.0;0.0;1;0.949987438454;0;2
1006.5452;1.936;3.22666666667e-05;0.00529470324127;0.000731924044635;0.00141700495041;0.00387769829086;8.58075866465e-06;0;0;0.00139343281173;0.00529481701059;-8.67361737988e-19;0.0;1;0.95000643593;0;1
1008.4811;1.9359;3.2265e-05;0.00529481701059;0.000731951535884;0.00141698497832;0.00387783203227;8.57972718818e-06;0;0;0.00139341292074;0.00529493022582;0.0;0.0;1;0.949976174389;0;2
1010.417;1.9359;3.2265e-05;0.00529493022582;0.000731978893682;0.00141703794028;0.00387789228554;8.57914094253e-06;0;0;0.00139346475327;0.00529504289787;0.0;0.0;1;0.949994802403;0;1
1012.3529;1.9359;3.2265e-05;0.00529504289787;0.000732006120658;0.00141709064898;0.00387795224889;8.57855669527e-06;0;0;0.00139351633943;0.00529515503163;-8.67361737988e-19;0.0;1;0.950013257293;0;1
1014.2887;1.9358;3.22633333333e-05;0.00529515503163;0.000732033217986;0.00141706990338;0.00387808512825;8.57753136502e-06;0;0;0.00139349569587;0.00529526662609;0.0;0.0;1;0.94998247111;0;2
1016.2245;1.9358;3.22633333333e-05;0.00529526662609;0.000732060185419;0.00141712210693;0.00387814451915;8.57695114045e-06;0;0;0.00139354679048;0.00529537769183;0.0;0.0;1;0.950000596848;0;1
1018.1603;1.9358;3.22633333333e-05;0.00529537769183;0.000732087025505;0.00141717406397;0.00387820362785;8.57637288026e-06;0;0;0.00139359764517;0.00529548823347;0.0;0.0;1;0.95001856766;0;1
1020.096;1.9357;3.22616666667e-05;0.00529548823347;0.000732113739358;0.00141715256528;0.0038783356682;8.57535359264e-06;0;0;0.00139357626861;0.00529559824988;-8.67361737988e-19;0.0;1;0.949987311647;0;2
1022.0317;1.9357;3.22616666667e-05;0.00529559824988;0.000732140326693;0.00141720403038;0.0038783942195;8.5747792873e-06;0;0;0.00139362664442;0.0052957077513;-8.67361737988e-19;0.0;1;0.950004986342;0;1
1023.9674;1.9357;3.22616666667e-05;0.0052957077513;0.000732166789983;0.00141725525537;0.00387845249593;8.57420691312e-06;0;0;0.00139367678646;0.00529581674214;0.0;0.0;1;0.95002252106;0;1
1025.903;1.9356;3.226e-05;0.00529581674214;0.000732193130289;0.00141723302299;0.00387858371915;8.57319356696e-06;0;0;0.00139365469553;0.00529592522112;0.0;0.0;1;0.949990840255;0;2
1027.8386;1.9356;3.226e-05;0.00529592522112;0.000732219347293;0.00141728376862;0.0038786414525;8.57262508139e-06;0;0;0.00139370437078;0.0052960331982;0.0;0.0;1;0.950008106071;0;1
1029.7741;1.9355;3.22583333333e-05;0.0052960331982;0.000732245443398;0.0014172610557;0.00387877214251;8.57161566064e-06;0;0;0.00139368181184;0.00529614067202;-8.67361737988e-19;0.0;1;0.949976162566;0;2
1031.7096;1.9355;3.22583333333e-05;0.00529614067202;0.000732271418268;0.00141731133006;0.00387882934196;8.57105102016e-06;0;0;0.00139373102808;0.00529624765235;0.0;0.0;1;0.949993174986;0;1
1033.6451;1.9355;3.22583333333e-05;0.00529624765235;0.000732297274261;0.00141736137433;0.00387888627802;8.57048825711e-06;0;0;0.0013937800202;0.00529635414329;0.0;0.0;1;0.950010066831;0;1
1035.5805;1.9354;3.22566666667e-05;0.00529635414329;0.000732323012362;0.00141733795812;0.00387901618517;8.56948461414e-06;0;0;0.00139375677614;0.00529646014336;0.0;0.0;1;0.949977756999;0;2
1037.5159;1.9354;3.22566666667e-05;0.00529646014336;0.000732348632207;0.00141738754277;0.00387907260059;8.5689256325e-06;0;0;0.00139380532047;0.00529656566209;0.0;0.0;1;0.949994415413;0;1
1039.4513;1.9354;3.22566666667e-05;0.00529656566209;0.000732374136095;0.001417436903;0.0038791287591;8.56836849709e-06;0;0;0.00139385364613;0.0052966707034;0.0;0.0;1;0.950010962358;0;1
1041.3866;1.9353;3.2255e-05;0.0052966707034;0.000732399524967;0.00141741280067;0.00387925790273;8.56737053688e-06;0;0;0.00139382973352;0.00529677526571;0.0;0.0;1;0.949978313651;0;2
1043.3219;1.9353;3.2255e-05;0.00529677526571;0.000732424798438;0.00141746171242;0.00387931355329;8.56681712065e-06;0;0;0.00139387762215;0.00529687935832;0.0;0.0;1;0.949994643896;0;1
1045.2572;1.9353;3.2255e-05;0.00529687935832;0.00073244995875;0.00141751040517;0.00387936895315;8.56626552018e-06;0;0;0.00139392529735;0.00529698298498;8.67361737988e-19;0.0;1;0.950010870332;0;1
1047.1924;1.9352;3.22533333333e-05;0.00529698298498;0.000732475006804;0.00141748563317;0.00387949735181;8.56527314991e-06;0;0;0.00139390073205;0.00529708614405;0.0;0.0;1;0.949977905842;0;2
1049.1276;1.9352;3.22533333333e-05;0.00529708614405;0.000732499942198;0.00141753388814;0.0038795522559;8.56472520781e-06;0;0;0.00139394798055;0.00529718884458;8.67361737988e-19;0.0;1;0.949993929706;0;1
1051.0628;1.9352;3.22533333333e-05;0.00529718884458;0.000732524767116;0.00141758192932;0.00387960691525;8.56417905171e-06;0;0;0.00139399502065;0.00529729109019;0.0;0.0;1;0.950009856251;0;1
1052.9979;1.9351;3.22516666667e-05;0.00529729109019;0.000732549482429;0.00141755650345;0.00387973458674;8.56319218064e-06;0;0;0.00139396981793;0.00529739287915;0.0;0.0;1;0.949976595556;0;2
1054.933;1.9351;3.22516666667e-05;0.00529739287915;0.000732574087713;0.00141760411713;0.00387978876202;8.5626496235e-06;0;0;0.00139401644126;0.00529749422033;0.0;0.0;1;0.949992331554;0;1
1056.8681;1.9351;3.22516666667e-05;0.00529749422033;0.000732598585104;0.00141765152204;0.00387984269829;8.56210882325e-06;0;0;0.00139406286105;0.00529759511718;-8.67361737988e-19;0.0;1;0.950007975781;0;1
1058.8032;1.9351;3.22516666667e-05;0.00529759511718;0.000732622975438;0.00141769871977;0.00387989639741;8.56156977043e-06;0;0;0.00139410907884;0.00529769557315;8.67361737988e-19;0.0;1;0.950023529905;0;1
1060.7382;1.935;3.225e-05;0.00529769557315;0.000732647259539;0.00141767244721;0.00388002312594;8.56059007562e-06;0;0;0.00139408305056;0.00529779558643;0.0;0.0;1;0.949989900427;0;2
1062.6732;1.935;3.225e-05;0.00529779558643;0.000732671436966;0.00141771923053;0.0038800763559;8.5600545448e-06;0;0;0.00139412886424;0.00529789516559;8.67361737988e-19;0.0;1;0.95000527744;0;1
1064.6082;1.935;3.225e-05;0.00529789516559;0.00073269550979;0.00141776581144;0.00388012935415;8.55952073318e-06;0;0;0.00139417448054;0.00529799431396;0.0;0.0;1;0.95002056891;0;1
1066.5431;1.9349;3.22483333333e-05;0.00529799431396;0.000732719478805;0.00141773891954;0.00388025539442;8.55854633405e-06;0;0;0.00139414784824;0.00529809302966;0.0;0.0;1;0.949986678764;0;2
1068.478;1.9349;3.22483333333e-05;0.00529809302966;0.000732743343559;0.00141778509545;0.00388030793421;8.55801598807e-06;0;0;0.00139419306955;0.0052981913211;0.0;0.0;1;0.950001801665;0;1
1070.4129;1.9349;3.22483333333e-05;0.0052981913211;0.000732767106076;0.00141783107355;0.00388036024755;8.55748733371e-06;0;0;0.00139423809791;0.00529828919146;0.0;0.0;1;0.950016843005;0;1
1072.3477;1.9348;3.22466666667e-05;0.00529828919146;0.000732790767123;0.00141780357623;0.00388048561523;8.55651814615e-06;0;0;0.00139421087509;0.00529838663884;0.0;0.0;1;0.949982704207;0;2
1074.2825;1.9348;3.22466666667e-05;0.00529838663884;0.000732814326235;0.0014178491584;0.00388053748044;8.55599290233e-06;0;0;0.00139425551725;0.00529848367145;0.0;0.0;1;0.949997584468;0;1
1076.2173;1.9348;3.22466666667e-05;0.00529848367145;0.000732837785394;0.00141789454718;0.00388058912427;8.55546932314e-06;0;0;0.00139429997076;0.00529858029238;0.0;0.0;1;0.950012386671;0;1
1078.152;1.9347;3.2245e-05;0.00529858029238;0.000732861145341;0.00141786645789;0.00388071383449;8.55450526491e-06;0;0;0.00139427217044;0.00529867649967;0.0;0.0;1;0.949978009807;0;2
1080.0867;1.9347;3.2245e-05;0.00529867649967;0.000732884405599;0.00141791145951;0.00388076504015;8.55398504239e-06;0;0;0.00139431624625;0.00529877230136;0.0;0.0;1;0.949992657558;0;1
1082.0214;1.9347;3.2245e-05;0.00529877230136;0.000732907568109;0.00141795627202;0.00388081602934;8.55346645812e-06;0;0;0.00139436013756;0.00529886770044;-8.67361737988e-19;0.0;1;0.950007230365;0;1
1083.9561;1.9347;3.2245e-05;0.00529886770044;0.000732930633588;0.0014180008968;0.00388086680363;8.55294950353e-06;0;0;0.00139440384571;0.00529896269984;-8.67361737988e-19;0.0;1;0.950021729188;0;1
1085.8907;1.9346;3.22433333333e-05;0.00529896269984;0.000732953602743;0.00141797203987;0.00388099065997;8.55199214189e-06;0;0;0.00139437529639;0.00529905729755;0.0;0.0;1;0.949987049864;0;2
1087.8253;1.9346;3.22433333333e-05;0.00529905729755;0.000732976475083;0.0014180162887;0.00388104100886;8.55147847414e-06;0;0;0.0013944186377;0.00529915150142;0.0;0.0;1;0.950001401977;0;1
1089.7599;1.9346;3.22433333333e-05;0.00529915150142;0.0007329992525;0.00141806035389;0.00388109114753;8.55096641044e-06;0;0;0.00139446179982;0.00529924531428;0.0;0.0;1;0.950015682802;0;1
1091.6944;1.9345;3.22416666667e-05;0.00529924531428;0.000733021935677;0.00141803093457;0.00388121437971;8.55001399342e-06;0;0;0.00139443270171;0.00529933873409;8.67361737988e-19;0.0;1;0.949980785873;0;2
1093.6289;1.9345;3.22416666667e-05;0.00529933873409;0.000733044524117;0.0014180746319;0.00388126410219;8.54950516539e-06;0;0;0.00139447550485;0.00529943176854;0.0;0.0;1;0.949994925141;0;1
1095.5634;1.9345;3.22416666667e-05;0.00529943176854;0.000733067019673;0.00141811814956;0.00388131361898;8.54899791636e-06;0;0;0.00139451813263;0.00529952442036;0.0;0.0;1;0.950008995565;0;1
1097.4979;1.9345;3.22416666667e-05;0.00529952442036;0.000733089423006;0.0014181614888;0.00388136293156;8.54849223818e-06;0;0;0.00139456058631;0.00529961669229;0.0;0.0;1;0.950022997908;0;1
1099.4323;1.9344;3.224e-05;0.00529961669229;0.000733111734771;0.00141813133974;0.00388148535255;8.54754627811e-06;0;0;0.00139453077597;0.00529970858225;0.0;0.0;1;0.949987822704;0;2
1101.3667;1.9344;3.224e-05;0.00529970858225;0.000733133954461;0.00141817432151;0.00388153426074;8.54704376926e-06;0;0;0.00139457288074;0.00529980009771;0.0;0.0;1;0.950001689646;0;1
1103.3011;1.9344;3.224e-05;0.00529980009771;0.000733156083882;0.00141821712866;0.00388158296905;8.54654280692e-06;0;0;0.00139461481507;0.00529989124131;0.0;0.0;1;0.950015490677;0;1
1105.2354;1.9343;3.22383333333e-05;0.00529989124131;0.000733178123667;0.00141818644461;0.0038817047967;8.54560161598e-06;0;0;0.00139458448252;0.00529998201094;0.0;0.0;1;0.94998011413;0;2
1107.1697;1.9343;3.22383333333e-05;0.00529998201094;0.000733200073303;0.00141822890179;0.00388175310915;8.54510377434e-06;0;0;0.00139462607523;0.00530007241394;-8.67361737988e-19;0.0;1;0.949993783946;0;1
1109.104;1.9343;3.22383333333e-05;0.00530007241394;0.000733221934562;0.00141827118802;0.00388180122592;8.54460745539e-06;0;0;0.00139466750107;0.00530016245286;-8.67361737988e-19;0.0;1;0.95000738985;0;1
1111.0383;1.9343;3.22383333333e-05;0.00530016245286;0.000733243708056;0.00141831330449;0.00388184914837;8.5441126514e-06;0;0;0.00139470876119;0.00530025213024;0.0;0.0;1;0.950020932475;0;1
1112.9725;1.9342;3.22366666667e-05;0.00530025213024;0.000733265394396;0.00141828192584;0.0038819702044;8.54317768963e-06;0;0;0.00139467775055;0.00530034144393;0.0;0.0;1;0.949985297282;0;2
1114.9067;1.9342;3.22366666667e-05;0.00530034144393;0.000733286993058;0.00141832370197;0.00388201774196;8.54268594325e-06;0;0;0.00139471867841;0.00530043040109;0.0;0.0;1;0.949998713787;0;1
1116.8409;1.9342;3.22366666667e-05;0.00530043040109;0.000733308505772;0.00141836531186;0.00388206508923;8.54219568869e-06;0;0;0.00139475944396;0.00530051900417;0.0;0.0;1;0.950012068826;0;1
1118.775;1.9341;3.2235e-05;0.00530051900417;0.000733329933126;0.00141833342366;0.00388218558051;8.54126532918e-06;0;0;0.00139472793583;0.005300607251;0.0;0.0;1;0.949976245749;0;2
1120.7091;1.9341;3.2235e-05;0.005300607251;0.000733351274595;0.00141837470019;0.00388223255081;8.54077808598e-06;0;0;0.0013947683759;0.00530069514862;8.67361737988e-19;0.0;1;0.949989478195;0;1
1122.6432;1.9341;3.2235e-05;0.00530069514862;0.000733372531874;0.0014184158139;0.00388227933473;8.54029231194e-06;0;0;0.00139480865699;0.00530078269941;0.0;0.0;1;0.950002650871;0;1
1124.5773;1.9341;3.2235e-05;0.00530078269941;0.000733393705535;0.00141845676587;0.00388232593353;8.53980799969e-06;0;0;0.00139484878017;0.0053008699057;8.67361737988e-19;0.0;1;0.950015764315;0;1
1126.5113;1.934;3.22333333333e-05;0.0053008699057;0.000733414796144;0.00141842421574;0.00388244568996;8.53888365269e-06;0;0;0.00139481662569;0.00530095676533;0.0;0.0;1;0.949979699114;0;2
1128.4453;1.934;3.22333333333e-05;0.00530095676533;0.00073343580317;0.00141846484333;0.003882491922;8.53840229179e-06;0;0;0.0013948564321;0.00530104328514;0.0;0.0;1;0.949992694323;0;1
1130.3793;1.934;3.22333333333e-05;0.00530104328514;0.000733456728267;0.00141850531247;0.00388253797267;8.53792237067e-06;0;0;0.00139489608379;0.00530112946742;0.0;0.0;1;0.950005631864;0;1
1132.3133;1.934;3.22333333333e-05;0.00530112946742;0.000733477571986;0.00141854562422;0.0038825838432;8.53744388215e-06;0;0;0.00139493558178;0.00530121531443;0.0;0.0;1;0.950018512235;0;1
1134.2472;1.9339;3.22316666667e-05;0.00530121531443;0.00073349833487;0.0014185124298;0.00388270288462;8.53652542872e-06;0;0;0.0013949027981;0.00530130082396;0.0;0.0;1;0.949982213313;0;2
1136.1811;1.9339;3.22316666667e-05;0.00530130082396;0.000733519016382;0.00141855242578;0.00388274839818;8.53604983321e-06;0;0;0.0013949419877;0.00530138600272;8.67361737988e-19;0.0;1;0.94999497948;0;1
1138.115;1.9339;3.22316666667e-05;0.00530138600272;0.000733539618139;0.00141859226752;0.0038827937352;8.53557564889e-06;0;0;0.00139498102667;0.00530147085289;0.0;0.0;1;0.950007689929;0;1
1140.0489;1.9339;3.22316666667e-05;0.00530147085289;0.00073356014067;0.00141863195604;0.00388283889685;8.53510286881e-06;0;0;0.00139501991601;0.00530155537666;0.0;0.0;1;0.950020345124;0;1
1141.9827;1.9338;3.223e-05;0.00530155537666;0.000733580584497;0.0014185981343;0.00388295724236;8.53419019328e-06;0;0;0.00139498651962;0.00530163957179;0.0;0.0;1;0.949983820284;0;2
1143.9165;1.9338;3.223e-05;0.00530163957179;0.000733600949079;0.00141863751533;0.00388300205646;8.53372024945e-06;0;0;0.00139502510861;0.00530172344482;0.0;0.0;1;0.949996365029;0;1
1145.8503;1.9338;3.223e-05;0.00530172344482;0.000733621235996;0.00141867674617;0.00388304669865;8.53325168904e-06;0;0;0.00139506355091;0.00530180699788;0.0;0.0;1;0.950008855877;0;1
1147.7841;1.9338;3.223e-05;0.00530180699788;0.000733641445756;0.0014187158278;0.00388309117007;8.53278450526e-06;0;0;0.00139510184748;0.00530189023305;0.0;0.0;1;0.95002129326;0;1
1149.7178;1.9337;3.22283333333e-05;0.00530189023305;0.000733661578863;0.00141868139505;0.003883208838;8.53187749512e-06;0;0;0.00139506785425;0.00530197314808;0.0;0.0;1;0.949984549792;0;2
1151.6515;1.9337;3.22283333333e-05;0.00530197314808;0.00073368163477;0.00141872017716;0.00388325297093;8.53141309241e-06;0;0;0.00139510585822;0.00530205574939;0.0;0.0;1;0.949996880246;0;1
1153.5852;1.9337;3.22283333333e-05;0.00530205574939;0.000733701615024;0.00141875881297;0.00388329693642;8.53095004607e-06;0;0;0.00139514371929;0.00530213803899;0.0;0.0;1;0.950009158508;0;1
1155.5189;1.9337;3.22283333333e-05;0.00530213803899;0.000733721520112;0.00141879730344;0.00388334073555;8.53048834953e-06;0;0;0.00139518143837;0.0053022200189;0.0;0.0;1;0.950021384988;0;1
1157.4525;1.9336;3.22266666667e-05;0.0053022200189;0.000733741350519;0.00141876227536;0.00388345774354;8.52958689532e-06;0;0;0.00139514686356;0.00530230168687;0.0;0.0;1;0.949984429741;0;2
1159.3861;1.9336;3.22266666667e-05;0.00530230168687;0.000733761105697;0.00141880047398;0.0038835012129;8.52912792614e-06;0;0;0.00139518429752;0.00530238304916;0.0;0.0;1;0.949996552604;0;1
1161.3197;1.9336;3.22266666667e-05;0.00530238304916;0.000733780787156;0.00141883853005;0.00388354451911;8.52867028704e-06;0;0;0.00139522159222;0.00530246410771;0.0;0.0;1;0.950008624886;0;1
1163.2533;1.9336;3.22266666667e-05;0.00530246410771;0.000733800395368;0.00141887644448;0.00388358766322;8.52821397161e-06;0;0;0.00139525874854;0.00530254486446;0.0;0.0;1;0.950020646973;0;1
1165.1868;1.9335;3.2225e-05;0.00530254486446;0.000733819930798;0.0014188408362;0.00388370402826;8.52731796683e-06;0;0;0.00139522360686;0.00530262531716;0.0;0.0;1;0.949983486405;0;2
1167.1203;1.9335;3.2225e-05;0.00530262531716;0.000733839392897;0.00141887846617;0.00388374685099;8.52686432651e-06;0;0;0.00139526048525;0.00530270547192;0.0;0.0;1;0.949995408005;0;1
1169.0538;1.9335;3.2225e-05;0.00530270547192;0.000733858783141;0.0014189159572;0.00388378951472;8.52641199067e-06;0;0;0.0013952972279;0.00530278533062;0.0;0.0;1;0.950007280546;0;1
1170.9873;1.9335;3.2225e-05;0.00530278533062;0.000733878101984;0.00141895331019;0.00388383202044;8.52596095309e-06;0;0;0.00139533383566;0.00530286489514;0.0;0.0;1;0.950019104396;0;1
1172.9207;1.9334;3.22233333333e-05;0.00530286489514;0.000733897349877;0.00141891713625;0.00388394775889;8.52507029407e-06;0;0;0.00139529814127;0.00530294416319;0.0;0.0;1;0.949981744624;0;2
1174.8541;1.9334;3.22233333333e-05;0.00530294416319;0.000733916526265;0.00141895421188;0.00388398995131;8.52462188072e-06;0;0;0.00139533447801;0.00530302314077;0.0;0.0;1;0.949993470954;0;1
1176.7875;1.9334;3.22233333333e-05;0.00530302314077;0.000733935632596;0.00141899115206;0.00388403198871;8.52417474696e-06;0;0;0.0013953706824;0.0053031018297;0.0;0.0;1;0.950005149672;0;1
1178.7209;1.9334;3.22233333333e-05;0.0053031018297;0.000733954669307;0.00141902795764;0.00388407387206;8.5237288867e-06;0;0;0.00139540675526;0.00530318023177;-8.67361737988e-19;0.0;1;0.950016781126;0;1
1180.6542;1.9333;3.22216666667e-05;0.00530318023177;0.00073397363683;0.00141899123208;0.00388418899968;8.52284347254e-06;0;0;0.00139537052182;0.0053032583447;8.67361737988e-19;0.0;1;0.949979227955;0;2
1182.5875;1.9333;3.22216666667e-05;0.0053032583447;0.000733992534612;0.00141902776716;0.00388423057753;8.52240018699e-06;0;0;0.00139540633034;0.00530333617435;0.0;0.0;1;0.949990764711;0;1
1184.5208;1.9333;3.22216666667e-05;0.00530333617435;0.000734011364068;0.00141906417015;0.0038842720042;8.52195815678e-06;0;0;0.00139544200977;0.00530341372248;0.0;0.0;1;0.950002255229;0;1
1186.4541;1.9333;3.22216666667e-05;0.00530341372248;0.000734030125621;0.00141910044186;0.00388431328062;8.52151737598e-06;0;0;0.00139547756091;0.00530349099083;0.0;0.0;1;0.950013699842;0;1
1188.3873;1.9332;3.222e-05;0.00530349099083;0.000734048819687;0.00141906317822;0.00388442781261;8.52063710843e-06;0;0;0.0013954408016;0.0053035679771;8.67361737988e-19;0.0;1;0.949975958801;0;2
1190.3205;1.9332;3.222e-05;0.0053035679771;0.000734067445712;0.00141909918605;0.00388446879105;8.52019885413e-06;0;0;0.00139547609484;0.00530364468703;0.0;0.0;1;0.949987311405;0;1
1192.2537;1.9332;3.222e-05;0.00530364468703;0.000734086005082;0.00141913506502;0.00388450962201;8.51976183154e-06;0;0;0.00139551126215;0.00530372112233;0.0;0.0;1;0.949998619083;0;1
1194.1869;1.9332;3.222e-05;0.00530372112233;0.000734104498204;0.00141917081593;0.0038845503064;8.51932603492e-06;0;0;0.00139554630429;0.00530379728465;0.0;0.0;1;0.950009882151;0;1
1196.1201;1.9332;3.222e-05;0.00530379728465;0.000734122925482;0.00141920643954;0.00388459084511;8.51889145853e-06;0;0;0.00139558122202;0.00530387317567;0.0;0.0;1;0.950021100924;0;1
1198.0532;1.9331;3.22183333333e-05;0.00530387317567;0.000734141287313;0.00141916852251;0.00388470465317;8.5180174788e-06;0;0;0.00139554382407;0.00530394879309;0.0;0.0;1;0.94998313272;0;2
1199.9863;1.9331;3.22183333333e-05;0.00530394879309;0.000734159583144;0.00141920389018;0.00388474490292;8.51758537049e-06;0;0;0.00139557849163;0.00530402414251;0.0;0.0;1;0.94999426267;0;1
1201.9194;1.9331;2.28333333348e-07;0.00530402414251;0.000734177814324;0.00141923913287;0.00388478500964;8.51715446529e-06;0;0;0.00139561303703;0.00527210922554;0.0;0.0;1;0.95000534925;0;1
