# Hydrograph at the point with coordinates: 5.70733106229 0.574892241379
# A pixel size is [m2]:
# 1.0
# time[s];deltaTime[s];Rainfall[m];Water_level_[m];Sheet_Flow[m3/s];Sheet_V_runoff[m3];Sheet_V_rest[m3];Infiltration[m];Surface_retetion[m];State;V_inflow[m3];WlevelTotal[m];SurfaceBil[m3];V_to_rill.m3.;ratio;courant;courantrill;iter
20.0;20.0;0.0;0.0;0.0;0.0;0.0;0.0;0.0;0;0.0;0.0;0.0;0.0;1;1.95;1.95;0
20.0;20.0;0.0;0.0;0.0;0.0;0.0;0.0;0.0;0;0.0;0.0;0.0;0.0;1;0;0;1
40.0;20.0;0.0;0.0;0.0;0.0;0.0;0.0;0.0;0;0.0;0.0;0.0;0.0;1;0;0;1
60.0;20.0;0.0;0.0;0.0;0.0;0.0;0.0;0.0;0;0.0;0.0;0.0;0.0;1;0;0;1
80.0;20.0;0.0;0.0;0.0;0.0;0.0;0.0;0.0;0;0.0;0.0;0.0;0.0;1;0;0;1
100.0;20.0;0.0;0.0;0.0;0.0;0.0;0.0;0.0;0;0.0;0.0;0.0;0.0;1;0;0;1
120.0;20.0;0.0;0.0;0.0;0.0;0.0;0.0;0.0;0;0.0;0.0;0.0;0.0;1;0;0;1
140.0;20.0;0.0;0.0;0.0;0.0;0.0;0.0;0.0;0;0.0;0.0;0.0;0.0;1;0;0;1
160.0;20.0;0.0;0.0;0.0;0.0;0.0;0.0;0.0;0;0.0;0.0;0.0;0.0;1;0;0;1
180.0;20.0;0.000280000001192;0.0;0.0;0.0;0.0;0;0.000280000001192;0;0.0;0.0;0.0;0.0;1;0;0;1
200.0;20.0;0.000333333333333;0.0;0.0;0.0;0.0;0;0.000333333333333;0;0.0;0.0;0.0;0.0;1;0;0;1
220.0;20.0;0.000333333333333;0.0;0.0;0.0;0.0;0;0.000333333333333;0;0.0;0.0;0.0;0.0;1;0;0;1
240.0;20.0;0.000333333333333;0.0;0.0;0.0;0.0;0.000100639464951;5.33333321412e-05;0;0.0;0.000179360536241;0.0;0.0;1;0;0;1
260.0;20.0;0.000333333333333;0.000179360536241;4.54316525983e-06;9.08633051967e-05;8.84972310446e-05;9.88110004982e-05;0;0;7.83527128131e-05;0.000401372276693;5.42101086243e-20;0.0;1;0.904473844149;0;1
271.4998;11.4998;0.000191663333333;0.000401372276693;1.85714040865e-05;0.000213567432714;0.000187804843979;5.6343509225e-05;0;0;0.00018894250688;0.000512067174967;0.0;0.0;1;0.949996555684;0;2
281.0843;9.5845;0.000159741666667;0.000512067174967;2.84280730334e-05;0.000272468865988;0.000239598308979;4.66754725454e-05;0;0;0.000248167334333;0.000600831837433;-1.08420217249e-19;0.0;1;0.950001569141;0;2
289.5886;8.5043;0.000141738333333;0.000600831837433;3.75927479364e-05;0.000319700006276;0.000281131831157;4.12152631351e-05;0;0;0.00029571216832;0.000677367069675;-1.08420217249e-19;0.0;1;0.950001044869;0;2
297.3634;7.7748;0.00012958;0.000677367069675;4.6357972175e-05;0.000360423962066;0.000316943107609;3.75279243126e-05;0;0;0.000336768396201;0.000745763579497;0.0;0.0;1;0.950000759532;0;2
304.5984;7.235;0.000120583333333;0.000745763579497;5.48467358298e-05;0.000396816133729;0.000348947445769;3.48012283974e-05;0;0;0.000373493037479;0.000808222588184;-1.08420217249e-19;0.0;1;0.949997640883;0;2
311.411;6.8126;0.000113543333333;0.000808222588184;6.31259753445e-05;0.000430052019632;0.000378170568551;3.26695767436e-05;0;0;0.000407050309132;0.000866094634273;0.0;0.0;1;0.950001701637;0;2
317.8801;6.4691;0.000107818333333;0.000866094634273;7.12374180806e-05;0.000460841981305;0.000405252652968;3.09380364335e-05;0;0;0.000438146878315;0.000920279828183;0.0;0.0;1;0.949994438143;0;2
324.0622;6.1821;0.000103035;0.000920279828183;7.92092557879e-05;0.000489679540206;0.000430600287976;2.94929896317e-05;0;0;0.000467274504243;0.000971416802588;1.08420217249e-19;0.0;1;0.950006182293;0;2
329.9992;5.937;9.895e-05;0.000971416802588;8.7062062599e-05;0.00051688746565;0.000454529336937;2.82604415564e-05;0;0;0.000494757074727;0.00101997597011;0.0;0.0;1;0.950002537187;0;2
335.7235;5.7243;9.5405e-05;0.00101997597011;9.48110943819e-05;0.00054272714757;0.000477248822538;2.71921320723e-05;0;0;0.000520856304638;0.0010663179951;0.0;0.0;1;0.950005197124;0;2
341.2606;5.5371;9.2285e-05;0.0010663179951;0.000102468401964;0.000567377788514;0.000498940206589;2.62530771831e-05;0;0;0.000545752946121;0.00111072507553;0.0;0.0;1;0.949992042245;0;2
346.6313;5.3707;8.95116666667e-05;0.00111072507553;0.000110043460941;0.000591010415678;0.000519714659849;2.54193420867e-05;0;0;0.000569618285684;0.00115342527011;-2.16840434497e-19;0.0;1;0.949998531083;0;2
351.8526;5.2213;8.70216666667e-05;0.00115342527011;0.000117544286753;0.000613733984421;0.000539691285692;2.46716765172e-05;0;0;0.000592562808365;0.00119460408421;0.0;0.0;1;0.950003238466;0;2
356.9387;5.0861;8.47683333333e-05;0.00119460408421;0.000124977401149;0.000635647559983;0.000558956524223;2.39958634515e-05;0;0;0.000614686521458;0.00123441551556;2.16840434497e-19;0.0;1;0.950006910832;0;2
361.9016;4.9629;8.2715e-05;0.00123441551556;0.00013234831734;0.000656831464128;0.000577584051436;2.33807395094e-05;0;0;0.000636070671984;0.00127298898391;0.0;0.0;1;0.950007321525;0;2
366.7515;4.8499;8.08316666667e-05;0.00127298898391;0.000139661733001;0.000677345438881;0.000595643545029;2.28171932394e-05;0;0;0.000656776064265;0.00131043408272;0.0;0.0;1;0.949991984223;0;2
371.4974;4.7459;7.90983333333e-05;0.00131043408272;0.00014692161092;0.000697275273267;0.000613158809454;2.2299061338e-05;0;0;0.000676888359389;0.00134684644084;-2.16840434497e-19;0.0;1;0.949999682414;0;2
376.147;4.6496;7.74933333333e-05;0.00134684644084;0.000154131695625;0.000716650731978;0.00063019570886;2.18198070874e-05;0;0;0.000696438620737;0.00138230785584;0.0;0.0;1;0.95000051647;0;2
380.7071;4.5601;7.60016666667e-05;0.00138230785584;0.000161295071072;0.000735521653594;0.000646786202249;2.13748501892e-05;0;0;0.000715477078713;0.00141689009744;0.0;0.0;1;0.950003186852;0;2
385.1837;4.4766;7.461e-05;0.00141689009744;0.000168414532563;0.00075392449647;0.00066296560097;2.09601397184e-05;0;0;0.000734040764668;0.00145065622592;-2.16840434497e-19;0.0;1;0.950005380793;0;2
389.5821;4.3984;7.33066666667e-05;0.00145065622592;0.000175492558234;0.000771886468138;0.000678769757781;2.05721427947e-05;0;0;0.000752157519608;0.00148366180126;0.0;0.0;1;0.949999325046;0;2
393.9071;4.325;7.20833333333e-05;0.00148366180126;0.000182531314053;0.000789447933281;0.00069421386798;2.02083019192e-05;0;0;0.000769867850767;0.00151595675016;0.0;0.0;1;0.949998571634;0;2
398.163;4.2559;7.09316666667e-05;0.00151595675016;0.000189532850559;0.000806632858696;0.000709323891466;1.98660917397e-05;0;0;0.000787196184845;0.00154758565124;0.0;0.0;1;0.949999712115;0;2
402.3537;4.1907;6.9845e-05;0.00154758565124;0.000196499004526;0.000823468378268;0.000724117272969;1.95434810421e-05;0;0;0.000804169930186;0.00157858872211;0.0;0.0;1;0.950006567824;0;2
406.4827;4.129;6.88166666667e-05;0.00157858872211;0.000203431477587;0.000839968570955;0.000738620151158;1.92384614758e-05;0;0;0.000820803662008;0.00160900201836;-2.16840434497e-19;0.0;1;0.950010523719;0;2
410.5531;4.0704;6.784e-05;0.00160900201836;0.000210331765143;0.000856134416838;0.000752867601519;1.89490449452e-05;0;0;0.000837099051199;0.00163885760777;0.0;0.0;1;0.949991551086;0;2
414.5679;4.0148;6.69133333333e-05;0.00163885760777;0.000217201092091;0.000872018944527;0.000766838663246;1.86746556621e-05;0;0;0.000853108575616;0.00166818591653;0.0;0.0;1;0.949990088251;0;2
418.5298;3.9619;6.60316666667e-05;0.00166818591653;0.000224040869167;0.000887627519554;0.000780558396979;1.84137997043e-05;0;0;0.000868838102028;0.00169701436597;2.16840434497e-19;0.0;1;0.949993608914;0;2
422.4413;3.9115;6.51916666667e-05;0.00169701436597;0.000230852316393;0.000902978835571;0.000794035530398;1.81654602643e-05;0;0;0.000884306470902;0.0017253682077;0.0;0.0;1;0.95000617452;0;2
426.3046;3.8633;6.43883333333e-05;0.0017253682077;0.000237636595115;0.000918061457907;0.000807306749796;1.79281668704e-05;0;0;0.000899502969455;0.00175326988571;0.0;0.0;1;0.950001605983;0;2
430.1218;3.8172;6.362e-05;0.00175326988571;0.000244394600144;0.00093290306767;0.000820366818045;1.77013865451e-05;0;0;0.000914455133342;0.00178074056484;0.0;0.0;1;0.94999675829;0;2
433.8949;3.7731;6.2885e-05;0.00178074056484;0.000251127278331;0.000947528333872;0.00083321223097;1.74845928336e-05;0;0;0.000929187547319;0.00180780018545;-2.16840434497e-19;0.0;1;0.950005083322;0;2
437.6257;3.7308;6.218e-05;0.00180780018545;0.000257835608845;0.00096193308948;0.000845867095974;1.72768024288e-05;0;0;0.000943696504068;0.00183446679761;2.16840434497e-19;0.0;1;0.950011392171;0;2
441.3158;3.6901;6.15016666667e-05;0.00183446679761;0.000264520404729;0.000976106745491;0.000858360052123;1.70770389002e-05;0;0;0.000957971937287;0.00186075661718;0.0;0.0;1;0.949996124958;0;2
444.9668;3.651;6.085e-05;0.00186075661718;0.000271182289367;0.00099008653848;0.000870670078697;1.68852564674e-05;0;0;0.000972050675431;0.00188668549766;0.0;0.0;1;0.949987649546;0;2
448.5802;3.6134;6.02233333333e-05;0.00188668549766;0.000277822040345;0.00100388216058;0.000882803337079;1.67009503671e-05;0;0;0.000985942526346;0.00191226824639;0.0;0.0;1;0.949986866149;0;2
452.1574;3.5772;5.962e-05;0.00191226824639;0.00028444039768;0.00101750019058;0.000894768055808;1.65236198851e-05;0;0;0.000999654221497;0.00193751865742;-2.16840434497e-19;0.0;1;0.949992247619;0;2
455.6997;3.5423;5.90383333333e-05;0.00193751865742;0.000291038050506;0.00103094408631;0.000906574571111;1.63527680257e-05;0;0;0.00101318940521;0.00196244954163;4.33680868994e-19;0.0;1;0.94999997548;0;2
459.2083;3.5086;5.84766666667e-05;0.00196244954163;0.000297615624623;0.00104421418055;0.000918235361074;1.61879012142e-05;0;0;0.00102654862776;0.00198707275429;0.0;0.0;1;0.950004064184;0;2
462.6843;3.476;5.79333333333e-05;0.00198707275429;0.000304173670844;0.00105730767985;0.000929765074433;1.60285290307e-05;0;0;0.00103972934162;0.00201139922035;-4.33680868994e-19;0.0;1;0.949996474823;0;2
466.1288;3.4445;5.74083333333e-05;0.00201139922035;0.000310712654047;0.00107024973686;0.00094114948349;1.58746245888e-05;0;0;0.00105275646367;0.0020354396559;0.0;0.0;1;0.949994799438;0;2
469.5428;3.414;5.69e-05;0.0020354396559;0.000317233133084;0.00108303391635;0.000952405739552;1.57257021204e-05;0;0;0.00106562384647;0.00205920388391;0.0;0.0;1;0.949988179055;0;2
472.9273;3.3845;5.64083333333e-05;0.00205920388391;0.00032373556545;0.00109568302127;0.000963520862639;1.55817385646e-05;0;0;0.00107835409155;0.00208270154896;4.33680868994e-19;0.0;1;0.949992023345;0;2
476.2832;3.3559;5.59316666667e-05;0.00208270154896;0.000330220490388;0.00110818694369;0.000974514605267;1.54422521746e-05;0;0;0.00109093741464;0.0021059414344;0.0;0.0;1;0.94999291131;0;2
479.6114;3.3282;5.547e-05;0.0021059414344;0.000336688331983;0.00112056610651;0.000985375327891;1.5307223165e-05;0;0;0.00110339406632;0.00212893217105;0.0;0.0;1;0.950004294385;0;2
482.9127;3.3013;5.50216666667e-05;0.00212893217105;0.000343139585273;0.00113280671286;0.000996125458185;1.51761732868e-05;0;0;0.00111571060443;0.002151681556;4.33680868994e-19;0.0;1;0.95001041103;0;2
486.1878;3.2751;5.4585e-05;0.002151681556;0.00034957461774;0.00114489183056;0.00100678972544;1.50486263039e-05;0;0;0.00112787046923;0.00217419656837;-4.33680868994e-19;0.0;1;0.949993939825;0;2
489.4375;3.2497;5.41616666667e-05;0.00217419656837;0.000355993661433;0.00115687260156;0.00101732396681;1.49250259869e-05;0;0;0.00113992414863;0.00219648475612;0.0;0.0;1;0.949994531471;0;2
492.6625;3.225;5.375e-05;0.00219648475612;0.000362397201212;0.00116873097391;0.00102775378221;1.48048981083e-05;0;0;0.00115185398101;0.00221855286511;0.0;0.0;1;0.949993723458;0;2
495.8635;3.201;5.335e-05;0.00221855286511;0.000368785580126;0.00118048264198;0.00103807022313;1.4688228836e-05;0;0;0.00116367554126;0.00224040753555;0.0;0.0;1;0.950001299279;0;2
499.0411;3.1776;5.296e-05;0.00224040753555;0.000375159192235;0.00119210584925;0.00104830168631;1.45745465189e-05;0;0;0.00117536748591;0.0022620546257;0.0;0.0;1;0.949996859795;0;2
502.1959;3.1548;5.258e-05;0.0022620546257;0.00038151827994;0.00120361386955;0.00105844075614;1.44638393473e-05;0;0;0.00118694298716;0.00228349990396;4.33680868994e-19;0.0;1;0.949988768548;0;2
505.3285;3.1326;5.221e-05;0.00228349990396;0.000387863129267;0.00121502003874;0.00106847986521;1.43560960455e-05;0;0;0.00119841528388;0.00230474905305;-4.33680868994e-19;0.0;1;0.949985154285;0;2
508.4395;3.111;5.185e-05;0.00230474905305;0.000394194068414;0.00122633774683;0.00107841130621;1.425130584e-05;0;0;0.00120979767353;0.00232580767391;0.0;0.0;1;0.949993921451;0;2
511.5294;3.0899;5.14983333333e-05;0.00232580767391;0.000400511466359;0.0012375403799;0.001088267294;1.4149000701e-05;0;0;0.00122106398701;0.00234668061364;0.0;0.0;1;0.949992015053;0;2
514.5987;3.0693;5.1155e-05;0.00234668061364;0.000406815526792;0.00124863889638;0.00109804171726;1.40491714794e-05;0;0;0.00123222510433;0.00236737265011;0.0;0.0;1;0.949986097141;0;2
517.648;3.0493;5.08216666667e-05;0.00236737265011;0.000413106487877;0.00125968561348;0.00110768703663;1.39522667952e-05;0;0;0.0012433327314;0.0023878891679;-4.33680868994e-19;0.0;1;0.95001381111;0;2
520.6776;3.0296;5.04933333333e-05;0.0023878891679;0.000419384827788;0.00127056827427;0.00111732089363;1.38569059356e-05;0;0;0.00125427614679;0.00240823346781;4.33680868994e-19;0.0;1;0.949988213458;0;2
523.6881;3.0105;5.0175e-05;0.00240823346781;0.000425650438159;0.00128142064408;0.00112681282374;1.37644533415e-05;0;0;0.00126518744109;0.00242841081149;0.0;0.0;1;0.950008528932;0;2
526.6798;2.9917;4.98616666667e-05;0.00242841081149;0.000431903860024;0.00129212677803;0.00113628403346;1.36735299662e-05;0;0;0.00127595221949;0.00244842438965;-4.33680868994e-19;0.0;1;0.949986305408;0;2
529.6532;2.9734;4.95566666667e-05;0.00244842438965;0.00043814504059;0.00130278046369;0.00114564392596;1.35850431287e-05;0;0;0.00128666313329;0.00246827868279;0.0;0.0;1;0.949989742155;0;2
532.6087;2.9555;4.92583333333e-05;0.00246827868279;0.00044437437;0.00131334845054;0.00115493023226;1.34985291087e-05;0;0;0.0012972874143;0.00248797745078;0.0;0.0;1;0.949992439872;0;2
535.5467;2.938;4.89666666667e-05;0.00248797745078;0.00045059205621;0.00132383946115;0.00116413798963;1.34139816528e-05;0;1;0.00130783373179;0.00250752440644;4.33680868994e-19;0.0;1;0.949999240525;0;2
538.4676;2.9209;4.86816666667e-05;0.00250752440644;0.000456798331796;0.00133426224734;0.0011732621591;1.33313947462e-05;0;1;0.00131831078634;0.00252692321736;-4.33680868994e-19;0.0;1;0.950014873458;0;2
541.3717;2.9041;4.84016666667e-05;0.00252692321736;0.000462993453266;0.00134457928763;0.00118234392973;1.32503064903e-05;0;1;0.00132868155458;0.00254617684449;-4.33680868994e-19;0.0;1;0.950011246851;0;2
544.2593;2.8876;4.81266666667e-05;0.00254617684449;0.000469177486814;0.00135479691093;0.00119137993356;1.31707119021e-05;0;1;0.00133895232308;0.00256528821141;-4.33680868994e-19;0.0;1;0.949992133413;0;2
547.1308;2.8715;4.78583333333e-05;0.00256528821141;0.000475350517964;0.00136496901233;0.00120031919907;1.30930619996e-05;0;1;0.00134917639617;0.00258426086658;0.0;0.0;1;0.949994306006;0;2
549.9865;2.8557;4.7595e-05;0.00258426086658;0.000481512866294;0.00137505629228;0.0012092045743;1.30168959055e-05;0;1;0.00135931498119;0.00260309765959;0.0;0.0;1;0.949988837261;0;2
552.8268;2.8403;4.73383333333e-05;0.00260309765959;0.000487664656901;0.001385113925;0.0012179837346;1.29426647069e-05;0;1;0.00136942266211;0.00262180206533;0.0;0.0;1;0.950012695995;0;2
555.6519;2.8251;4.7085e-05;0.00262180206533;0.000493806249532;0.00139505203555;0.00122675002978;1.28694527555e-05;0;1;0.00137941062999;0.00264037620701;4.33680868994e-19;0.0;1;0.95000279154;0;2
558.4621;2.8102;4.68366666667e-05;0.00264037620701;0.000499937589158;0.00140492461305;0.00123545159396;1.27977117267e-05;0;1;0.00138933228872;0.00265882283762;0.0;0.0;1;0.949995582927;0;2
561.2577;2.7956;4.65933333333e-05;0.00265882283762;0.000506058852904;0.00141473812918;0.00124408470844;1.27274376166e-05;0;1;0.00139919407598;0.00267714468013;0.0;0.0;1;0.949994374688;0;2
564.039;2.7813;4.6355e-05;0.00267714468013;0.000512170234392;0.00142449907292;0.00125264560722;1.26586265571e-05;0;1;0.00140900244791;0.00269534442857;0.0;0.0;1;0.950002403869;0;2
566.8062;2.7672;4.612e-05;0.00269534442857;0.000518271943343;0.00143416212162;0.00126118230695;1.25908199387e-05;0;1;0.00141871260845;0.00271342409547;4.33680868994e-19;0.0;1;0.949988511956;0;2
569.5596;2.7534;4.589e-05;0.00271342409547;0.000524363984447;0.00144378379478;0.00126964030069;1.25244694025e-05;0;1;0.00142838049146;0.00273138632274;4.33680868994e-19;0.0;1;0.949989622629;0;2
572.2995;2.7399;4.5665e-05;0.00273138632274;0.000530446596221;0.00145337062899;0.00127801569376;1.24595714423e-05;0;1;0.00143801260378;0.00274923372609;4.33680868994e-19;0.0;1;0.950008791931;0;2
575.0261;2.7266;4.54433333333e-05;0.00274923372609;0.000536520032216;0.00146287551984;0.00128635820625;1.23956681707e-05;0;1;0.00144756237384;0.00276696824526;0.0;0.0;1;0.950014174125;0;2
577.7396;2.7135;4.5225e-05;0.00276696824526;0.000542584337683;0.0014723026003;0.00129466564496;1.23327567938e-05;0;1;0.00145703391105;0.00278459179921;4.33680868994e-19;0.0;1;0.950008037488;0;2
580.4402;2.7006;4.501e-05;0.00278459179921;0.000548639569288;0.00148165602082;0.00130293577839;1.22708346044e-05;0;1;0.001466431343;0.00280210628679;0.0;0.0;1;0.949992607823;0;2
583.1282;2.688;4.48e-05;0.00280210628679;0.000554685794864;0.00149099541659;0.0013111108702;1.22103531142e-05;0;1;0.00147581371798;0.00281951423506;0.0;0.0;1;0.950005412171;0;2
585.8038;2.6756;4.45933333333e-05;0.00281951423506;0.000560723318325;0.00150027131051;0.00131924292455;1.21508552939e-05;0;1;0.0014851320991;0.00283681750169;0.0;0.0;1;0.950013744062;0;2
588.4671;2.6633;4.43883333333e-05;0.00283681750169;0.000566752231232;0.00150943121744;0.00132738628425;1.2091884785e-05;0;1;0.00149433454733;0.00285401728013;4.33680868994e-19;0.0;1;0.949984032327;0;2
591.1184;2.6513;4.41883333333e-05;0.00285401728013;0.000572772408955;0.00151859148786;0.00133542579227;1.20343472387e-05;0;1;0.00150353626135;0.00287111603971;4.33680868994e-19;0.0;1;0.949989354105;0;2
593.7579;2.6395;4.39916666667e-05;0.00287111603971;0.000578784188825;0.0015277008664;0.00134341517331;1.1977786208e-05;0;1;0.00151268653103;0.00288811558479;0.0;0.0;1;0.949996390263;0;2
596.3858;2.6279;4.37983333333e-05;0.00288811558479;0.000584787692961;0.00153676357833;0.00135135200646;1.19221994497e-05;0;1;0.00152178956265;0.00290501770299;0.0;0.0;1;0.950007129579;0;2
599.0022;2.6164;4.36066666667e-05;0.00290501770299;0.000590783053232;0.00154572478048;0.00135929292252;1.1867131329e-05;0;1;0.0015307910654;0.00292182352325;-4.33680868994e-19;0.0;1;0.949987217468;0;2
601.6074;2.6052;4.342e-05;0.00292182352325;0.000596770181691;0.00155470567734;0.00136711784591;1.18134868617e-05;0;1;0.00153981108621;0.00293853544526;0.0;0.0;1;0.950010879472;0;2
604.2015;2.5941;4.3235e-05;0.00293853544526;0.000602749457114;0.0015635923667;0.00137494307856;1.1760357073e-05;0;1;0.00154873684696;0.00295515456845;0.0;0.0;1;0.950007389729;0;2
606.7847;2.5832;4.30533333333e-05;0.00295515456845;0.000608720808736;0.00157244759313;0.00138270697532;1.17081935261e-05;0;1;0.00155763050544;0.00297168262057;0.0;0.0;1;0.950014763075;0;2
609.3571;2.5724;4.28733333333e-05;0.00297168262057;0.000614684403483;0.00158121415952;0.00139046846105;1.16565412391e-05;0;1;0.00156643542255;0.00298812067569;0.0;0.0;1;0.949997901415;0;2
611.9189;2.5618;4.26966666667e-05;0.00298812067569;0.000620640185078;0.00158995602613;0.00139816464956;1.16058516611e-05;0;1;0.00157521497069;0.00300447043526;4.33680868994e-19;0.0;1;0.949995080002;0;2
614.4703;2.5514;4.25233333333e-05;0.00300447043526;0.00062658833598;0.00159867748042;0.00140579295484;1.15561229435e-05;0;1;0.00158397342165;0.00302073358688;-4.33680868994e-19;0.0;1;0.950008077944;0;2
617.0114;2.5411;4.23516666667e-05;0.00302073358688;0.000632529047179;0.00160731956179;0.00141341402509;1.15069005578e-05;0;1;0.00159265237679;0.00303691116799;0.0;0.0;1;0.950001260272;0;2
619.5424;2.531;4.21833333333e-05;0.00303691116799;0.000638462284038;0.0016159480409;0.00142096312709;1.14586357827e-05;0;1;0.00160131701737;0.00305300484201;-4.33680868994e-19;0.0;1;0.9500132867;0;2
622.0634;2.521;4.20166666667e-05;0.00305300484201;0.000644388252202;0.0016245027838;0.00142850205821;1.14108743747e-05;0;1;0.00160990777387;0.00306901562437;-4.33680868994e-19;0.0;1;0.950008174756;0;2
624.5745;2.5111;4.18516666667e-05;0.00306901562437;0.000650306930135;0.00163298573226;0.00143602989211;1.13636150567e-05;0;1;0.00161842657735;0.00308494452107;0.0;0.0;1;0.94998700894;0;2
627.0759;2.5014;4.169e-05;0.00308494452107;0.00065621830171;0.0016414644599;0.00144348006118;1.13173089274e-05;0;1;0.00162694041038;0.00310079316262;0.0;0.0;1;0.949988835596;0;2
629.5678;2.4919;4.15316666667e-05;0.00310079316262;0.000662122592644;0.00164994328861;0.00145084987401;1.12719543969e-05;0;1;0.00163545358133;0.00311656316761;4.33680868994e-19;0.0;1;0.950015289472;0;2
632.0502;2.4824;4.13733333333e-05;0.00311656316761;0.000668020036359;0.00165829293826;0.00145827022935;1.12266456049e-05;0;1;0.0016438379615;0.00313225487858;0.0;0.0;1;0.949991442365;0;2
634.5233;2.4731;4.12183333333e-05;0.00313225487858;0.000673910398309;0.00166664780606;0.00146560707252;1.11822859081e-05;0;1;0.00165222677556;0.00314786989551;0.0;0.0;1;0.949994555192;0;2
636.9872;2.4639;4.1065e-05;0.00314786989551;0.000679793923231;0.00167494424745;0.00147292564806;1.11384218511e-05;0;1;0.00166055695026;0.00316340917647;-4.33680868994e-19;0.0;1;0.94998764449;0;2
639.4421;2.4549;4.0915e-05;0.00316340917647;0.000685670624226;0.00168325281541;0.00148015636106;1.1095504233e-05;0;1;0.00166889844473;0.00317887430156;4.33680868994e-19;0.0;1;0.950010389848;0;2
641.888;2.4459;4.0765e-05;0.00317887430156;0.000691540758783;0.00169143954191;0.00148743475965;1.10526280511e-05;0;1;0.00167711844988;0.00319426558147;-4.33680868994e-19;0.0;1;0.949986643426;0;2
644.3251;2.4371;4.06183333333e-05;0.00319426558147;0.000697404111131;0.00169964355924;0.00149462202224;1.10106960442e-05;0;1;0.00168535491989;0.00320958457942;-4.33680868994e-19;0.0;1;0.94999475272;0;2
646.7535;2.4284;4.04733333333e-05;0.00320958457942;0.000703260949292;0.00170779888926;0.00150178569016;1.09692552371e-05;0;1;0.00169354245211;0.00322483222037;4.33680868994e-19;0.0;1;0.949997095652;0;2
649.1733;2.4198;4.033e-05;0.00322483222037;0.000709111306833;0.00171590754028;0.00150892468009;1.09283046519e-05;0;1;0.00170168304656;0.003240009422;0.0;0.0;1;0.949994593944;0;2
651.5846;2.4113;4.01883333333e-05;0.003240009422;0.000714955221776;0.00172397152627;0.00151603789573;1.08878433341e-05;0;1;0.00170977870916;0.00325511709489;0.0;0.0;1;0.949988156556;0;2
653.9876;2.403;4.005e-05;0.00325511709489;0.000720792736515;0.00173206494585;0.00152305214904;1.08483217158e-05;0;1;0.00171790294129;0.00327015676861;-4.33680868994e-19;0.0;1;0.950018214636;0;2
656.3823;2.3947;3.99116666667e-05;0.00327015676861;0.000726624140877;0.00174004683016;0.00153010993846;1.08088359906e-05;0;1;0.00172591594358;0.00328512871271;0.0;0.0;1;0.950006855662;0;2
658.7688;2.3865;3.9775e-05;0.00328512871271;0.000732449243823;0.00174799012038;0.00153713859233;1.07698368034e-05;0;1;0.00173389006186;0.00330003381739;-4.33680868994e-19;0.0;1;0.94999421175;0;2
661.1472;2.3784;3.964e-05;0.00330003381739;0.000738268100447;0.0017558968501;0.00154413696729;1.07313232849e-05;0;1;0.00174182732234;0.00331487296635;-4.33680868994e-19;0.0;1;0.94998114356;0;2
663.5177;2.3705;3.95083333333e-05;0.00331487296635;0.00074408076994;0.00176384346514;0.0015510295012;1.06937456224e-05;0;1;0.00174980357139;0.0033296476603;-4.33680868994e-19;0.0;1;0.950008576608;0;2
665.8803;2.3626;3.93766666667e-05;0.0033296476603;0.000749887560933;0.00177168435146;0.00155796330884;1.06562007527e-05;0;1;0.00175767437105;0.0033443581458;0.0;0.0;1;0.949997462889;0;2
668.2351;2.3548;3.92466666667e-05;0.0033443581458;0.000755688296354;0.00177949480025;0.00156486334555;1.06191390636e-05;0;1;0.00176551441482;0.00335900528797;4.33680868994e-19;0.0;1;0.949988437029;0;2
670.5822;2.3471;3.91183333333e-05;0.00335900528797;0.000761483047315;0.00178727686035;0.00157172842762;1.05825597617e-05;0;1;0.00177332574483;0.00337358994603;-4.33680868994e-19;0.0;1;0.949982315411;0;2
672.9217;2.3395;3.89916666667e-05;0.00337358994603;0.000767271888788;0.00179503258382;0.00157855736221;1.05464620713e-05;0;1;0.00178111040658;0.00338811297338;-4.33680868994e-19;0.0;1;0.949979903923;0;2
675.2537;2.332;3.88666666667e-05;0.00338811297338;0.000773054899544;0.00180276402574;0.00158534894765;1.05108452339e-05;0;1;0.00178887044873;0.00340257521781;0.0;0.0;1;0.949981998173;0;2
677.5783;2.3246;3.87433333333e-05;0.00340257521781;0.000778832162102;0.00181047324402;0.00159210197379;1.04757085072e-05;0;1;0.00179660792293;0.00341697752154;0.0;0.0;1;0.949989383717;0;2
679.8956;2.3173;3.86216666667e-05;0.00341697752154;0.000784603762673;0.00181816229924;0.0015988152223;1.04410511653e-05;0;1;0.0018043248836;0.00343132072141;4.33680868994e-19;0.0;1;0.95000283626;0;2
682.2056;2.31;3.85e-05;0.00343132072141;0.000790369791106;0.00182575421745;0.00160556650395;1.04064220785e-05;0;1;0.00181194494861;0.00344560503049;0.0;0.0;1;0.949981997107;0;2
684.5085;2.3029;3.83816666667e-05;0.00344560503049;0.000796130091053;0.00183340798669;0.0016121970438;1.03727215385e-05;0;1;0.00181962590583;0.00345983189475;4.33680868994e-19;0.0;1;0.950009616867;0;2
686.8043;2.2958;3.82633333333e-05;0.00345983189475;0.000801885008201;0.00184096760183;0.00161886429293;1.03390480227e-05;0;1;0.00182721293996;0.00347400151819;0.0;0.0;1;0.950004195537;0;2
689.0931;2.2888;3.81466666667e-05;0.00347400151819;0.000807634392166;0.00184851359679;0.0016254879214;1.03058513555e-05;0;1;0.00183478598212;0.00348811471883;0.0;0.0;1;0.950007471834;0;2
691.375;2.2819;3.80316666667e-05;0.00348811471883;0.000813378345266;0.00185604804606;0.00163206667277;1.02731308806e-05;0;1;0.00184234710123;0.00350217230979;0.0;0.0;1;0.950020178956;0;2
693.65;2.275;3.79166666667e-05;0.00350217230979;0.000819116973217;0.00186349111407;0.00163868119572;1.02404358982e-05;0;1;0.00184981705735;0.00351617448383;0.0;0.0;1;0.950001283029;0;2
695.9182;2.2682;3.78033333333e-05;0.00351617448383;0.000824850132679;0.00187092507094;0.00164524941289;1.02082160483e-05;0;1;0.00185727751608;0.00353012204626;0.0;0.0;1;0.949992884128;0;2
698.1797;2.2615;3.76916666667e-05;0.00353012204626;0.000830577934474;0.00187835199881;0.00165177004745;1.01764707107e-05;0;1;0.0018647305543;0.00354401579771;0.0;0.0;1;0.949995693295;0;2
700.4346;2.2549;3.75816666667e-05;0.00354401579771;0.000836300492697;0.00188577398098;0.00165824181672;1.01451992782e-05;0;1;0.00187217825013;0.00355785653424;0.0;0.0;1;0.950010413233;0;2
702.6829;2.2483;3.74716666667e-05;0.00355785653424;0.000842017924669;0.00189310890003;0.00166474763421;1.01139513758e-05;0;1;0.00187953908462;0.00357164443412;0.0;0.0;1;0.949995484527;0;2
704.9247;2.2418;3.73633333333e-05;0.00357164443412;0.000847730096417;0.00190044133015;0.00167120310397;1.00831764043e-05;0;1;0.00188689702521;0.00358538028611;0.0;0.0;1;0.949993480771;0;2
707.1601;2.2354;3.72566666667e-05;0.00358538028611;0.000853437130038;0.00190777336049;0.00167760692562;1.0052873789e-05;0;1;0.00189425415606;0.00359906487456;0.0;0.0;1;0.950005084091;0;2
709.3891;2.229;3.715e-05;0.00359906487456;0.000859139150701;0.00191502116691;0.00168404370765;1.00225933879e-05;0;1;0.00190152725347;0.00361269836773;0.0;0.0;1;0.949988349349;0;2
711.6118;2.2227;3.7045e-05;0.00361269836773;0.000864836030612;0.00192227104524;0.00169042732248;9.99278442577e-06;0;1;0.00190880200466;0.00362628154272;4.33680868994e-19;0.0;1;0.949986201004;0;2
713.8283;2.2165;3.69416666667e-05;0.00362628154272;0.000870527899372;0.00192952508896;0.00169675645376;9.96344635759e-06;0;1;0.00191608049804;0.00363981517211;0.0;0.0;1;0.949999301587;0;2
716.0386;2.2103;3.68383333333e-05;0.00363981517211;0.000876214889399;0.00193669777004;0.00170311740207;9.9341292674e-06;0;1;0.00192327780741;0.00365329941356;0.0;0.0;1;0.949985326228;0;2
718.2428;2.2042;3.67366666667e-05;0.00365329941356;0.000881896878305;0.00194387709916;0.00170942231439;9.90528220663e-06;0;1;0.00193048133238;0.00366673503123;0.0;0.0;1;0.949987545762;0;2
720.441;2.1982;3.66366666667e-05;0.00366673503123;0.000887574002102;0.00195106517142;0.00171566985981;9.8769046583e-06;0;1;0.00193769316167;0.00368012278349;0.0;0.0;1;0.950006603759;0;2
722.6332;2.1922;3.65366666667e-05;0.00368012278349;0.000893246398873;0.00195817475561;0.00172194802788;9.84854692498e-06;0;1;0.00194482666561;0.00369346281324;0.0;0.0;1;0.949999800942;0;2
724.8195;2.1863;3.64383333333e-05;0.00369346281324;0.00089891394935;0.00196529556746;0.00172816724577;9.82065788829e-06;0;1;0.00195197094381;0.00370675586503;0.0;0.0;1;0.950010749496;0;2
726.9999;2.1804;3.634e-05;0.00370675586503;0.000904576792532;0.00197233923844;0.00173441662659;9.7927879917e-06;0;1;0.00195903822643;0.00372000206503;0.0;0.0;1;0.949996503783;0;2
729.1745;2.1746;3.62433333333e-05;0.00372000206503;0.000910234807267;0.00197939661188;0.00174060545315;9.76538600432e-06;0;1;0.00196611873376;0.00373320213423;0.0;0.0;1;0.950000900918;0;2
731.3433;2.1688;3.61466666667e-05;0.00373320213423;0.000915888128983;0.00198637817414;0.0017468239601;9.73800250772e-06;0;1;0.00197312354365;0.0037463561679;0.0;0.0;1;0.949980749442;0;2
733.5064;2.1631;3.60516666667e-05;0.0037463561679;0.000921536628232;0.00199337588053;0.00175298028737;9.71108616003e-06;0;1;0.00198014397552;0.0037594648434;0.0;0.0;1;0.949980106952;0;2
735.6639;2.1575;3.59583333333e-05;0.0037594648434;0.000927180427828;0.00200039177304;0.00175907307036;9.68463650008e-06;0;1;0.00198718203563;0.00377252880283;0.0;0.0;1;0.949999567229;0;2
737.8158;2.1519;3.5865e-05;0.00377252880283;0.000932819639251;0.0020073345817;0.00176519422112;9.65820431306e-06;0;1;0.00199414701864;0.00378554803545;0.0;0.0;1;0.949995565093;0;2
739.9622;2.1464;3.57733333333e-05;0.00378554803545;0.000938454094807;0.00201429786909;0.00177125016636;9.63223809473e-06;0;1;0.00200113181137;0.00379852307297;0.0;0.0;1;0.950012473343;0;2
742.1031;2.1409;3.56816666667e-05;0.00379852307297;0.000944083863239;0.00202118914281;0.00177733393016;9.60628876177e-06;0;1;0.00200804444963;0.0038114537577;0.0;0.0;1;0.950006470981;0;2
744.2386;2.1355;3.55916666667e-05;0.0038114537577;0.000949708716207;0.00202810296346;0.00178335079424;9.58080470244e-06;0;1;0.00201497876919;0.00382434042539;0.0;0.0;1;0.950022126005;0;2
746.3687;2.1301;3.55016666667e-05;0.00382434042539;0.000955328640943;0.00203494553807;0.00178939488732;9.55533696247e-06;0;1;0.0020218414463;0.00383718266333;0.0;0.0;1;0.950015348571;0;2
748.4934;2.1247;3.54116666667e-05;0.00383718266333;0.000960943299314;0.00204171622805;0.00179546643527;9.5298853531e-06;0;1;0.00202863165828;0.00384997987487;0.0;0.0;1;0.949986169505;0;2
750.6128;2.1194;3.53233333333e-05;0.00384997987487;0.000966552271469;0.00204851088415;0.00180146899072;9.50489810255e-06;0;1;0.00203544440688;0.00386273183283;0.0;0.0;1;0.949979409149;0;2
752.727;2.1142;3.52366666667e-05;0.00386273183283;0.000972155298289;0.00205533073164;0.00180740110119;9.48037480191e-06;0;1;0.00204228062534;0.00387543801839;0.0;0.0;1;0.949995466656;0;2
754.836;2.109;3.515e-05;0.00387543801839;0.000977751991879;0.00206207895087;0.00181335906752;9.45586674797e-06;0;1;0.00204904375455;0.00388809695532;0.0;0.0;1;0.949989640191;0;2
756.9399;2.1039;3.5065e-05;0.00388809695532;0.000983341539662;0.00206885226529;0.00181924469003;9.43182201468e-06;0;1;0.0020558294715;0.00390070733951;0.0;0.0;1;0.950006919717;0;2
759.0387;2.0988;3.498e-05;0.00390070733951;0.000988923199831;0.0020755520118;0.00182515532771;9.40779202099e-06;0;1;0.00206253922187;0.00391326675756;8.67361737988e-19;0.0;1;0.950002239377;0;2
761.1325;2.0938;3.48966666667e-05;0.00391326675756;0.000994495733093;0.00208227516595;0.00183099159161;9.38422473874e-06;0;1;0.00206926876732;0.00392577280086;0.0;0.0;1;0.950020641452;0;2
763.2213;2.0888;3.48133333333e-05;0.00392577280086;0.00100005789295;0.0020889209268;0.00183685187405;9.36067170688e-06;0;1;0.00207591724371;0.00393822177939;0.0;0.0;1;0.950016644938;0;2
765.3051;2.0838;3.473e-05;0.00393822177939;0.00100560785175;0.00209548564148;0.00184273613792;9.33713276861e-06;0;1;0.0020824802292;0.00395060923435;0.0;0.0;1;0.949989697138;0;2
767.384;2.0789;3.46483333333e-05;0.00395060923435;0.0010111434234;0.00210206606291;0.00184854317145;9.31405574374e-06;0;1;0.00208905299829;0.00396293044733;0.0;0.0;1;0.94998481146;0;2
769.4581;2.0741;3.45683333333e-05;0.00396293044733;0.00101666228795;0.00210865925144;0.00185427119589;9.29144026738e-06;0;1;0.00209563167518;0.00397517976413;0.0;0.0;1;0.950001587509;0;2
771.5274;2.0693;3.44883333333e-05;0.00397517976413;0.00102216168657;0.00211515917803;0.0018600205861;9.26883811237e-06;0;1;0.00210210985983;0.00398734994116;8.67361737988e-19;0.0;1;0.94999355458;0;2
773.592;2.0646;3.441e-05;0.00398734994116;0.00102763812259;0.0021216616679;0.00186568827326;9.2466969518e-06;0;1;0.00210858170562;0.00399943328193;0.0;0.0;1;0.950005573793;0;2
775.6519;2.0599;3.43316666667e-05;0.00399943328193;0.00103308786692;0.00212805769708;0.00187137558486;9.2245686725e-06;0;1;0.00211493775169;0.00401142043454;0.0;0.0;1;0.949990621436;0;2
777.7072;2.0553;3.4255e-05;0.00401142043454;0.00103850641217;0.00213444222894;0.0018769782056;9.2029008504e-06;0;1;0.00212127126243;0.00402330156718;0.0;0.0;1;0.949993421024;0;2
779.758;2.0508;3.418e-05;0.00402330156718;0.0010438889981;0.0021408075573;0.00188249400988;9.18169314572e-06;0;1;0.00212757349111;0.00403506580784;0.0;0.0;1;0.95001271592;0;2
781.8043;2.0463;3.4105e-05;0.00403506580784;0.00104923035541;0.00214704007628;0.00188802573156;9.16049761389e-06;0;1;0.0021337305043;0.00404670073825;0.0;0.0;1;0.95000065455;0;2
783.8462;2.0419;3.40316666667e-05;0.00404670073825;0.00105452447116;0.00215323351766;0.00189346722059;9.13976168837e-06;0;1;0.00213983451878;0.00405819364434;-8.67361737988e-19;0.0;1;0.950001778759;0;2
785.8838;2.0376;3.396e-05;0.00405819364434;0.00105976515322;0.00215937747621;0.00189881616813;9.11948504366e-06;0;1;0.00214587438083;0.00406953106392;8.67361737988e-19;0.0;1;0.950014373818;0;2
787.9171;2.0333;3.38883333333e-05;0.00406953106392;0.00106494582349;0.00216535434289;0.00190417672102;9.09921989961e-06;0;1;0.00215173256365;0.00408069839811;8.67361737988e-19;0.0;1;0.949989888894;0;2
789.9463;2.0292;3.382e-05;0.00408069839811;0.00107005933787;0.00217136440841;0.0019093339897;9.07986096011e-06;0;1;0.00215760763461;0.00409168176335;8.67361737988e-19;0.0;1;0.950019660239;0;2
791.9714;2.0251;3.37516666667e-05;0.00409168176335;0.00107509883361;0.00217718264795;0.0019144991154;9.06051299368e-06;0;1;0.00216327572295;0.00410246599203;8.67361737988e-19;0.0;1;0.950008282111;0;2
793.9925;2.0211;3.3685e-05;0.00410246599203;0.00108005681461;0.00218290282801;0.00191956316402;9.04162320306e-06;0;1;0.00216882997476;0.00411303651558;-8.67361737988e-19;0.0;1;0.950000402889;0;2
796.0097;2.0172;3.362e-05;0.00411303651558;0.0010849260163;0.00218851276008;0.0019245237555;9.0231912859e-06;0;1;0.00217425847872;0.00412337904293;0.0;0.0;1;0.949994068023;0;2
798.0231;2.0134;3.35566666667e-05;0.00412337904293;0.00108969926239;0.0021940004949;0.00192937854803;9.00521694452e-06;0;1;0.00217954979817;0.00413347979592;8.67361737988e-19;0.0;1;0.949987383227;0;2
800.0328;2.0097;3.3495e-05;0.00413347979592;0.00109436957771;0.00219935454032;0.0019341252556;8.98769988585e-06;0;1;0.00218469318145;0.00414332573716;-8.67361737988e-19;0.0;1;0.949978552744;0;2
802.039;2.0062;3.34366666667e-05;0.00414332573716;0.00109893029882;0.00220467396549;0.00193865177167;8.97108694171e-06;0;1;0.00218978790895;0.00415290526034;8.67361737988e-19;0.0;1;0.950013269648;0;2
804.0417;2.0027;3.33783333333e-05;0.00415290526034;0.00110337540048;0.00220972991454;0.00194317534581;8.95448349243e-06;0;1;0.00219460772672;0.00416220692237;0.0;0.0;1;0.949995497337;0;2
806.0411;1.9994;3.33233333333e-05;0.00416220692237;0.00110769891423;0.00221473320911;0.00194747371326;8.93878350022e-06;0;1;0.00219936327759;0.00417122154068;0.0;0.0;1;0.950018639226;0;2
808.0372;1.9961;3.32683333333e-05;0.00417122154068;0.00111189590893;0.00221945542382;0.00195176611686;8.92309254349e-06;0;1;0.00220382908447;0.00417994044212;0.0;0.0;1;0.949986745523;0;2
810.0302;1.993;3.32166666667e-05;0.00417994044212;0.00111596168447;0.00222411163714;0.00195582880498;8.90830440419e-06;0;1;0.00220822022281;0.00418835739006;0.0;0.0;1;0.949994004084;0;2
812.0202;1.99;3.31666666667e-05;0.00418835739006;0.00111989267644;0.00222858642611;0.00195977096395;8.893971743e-06;0;1;0.0022124236201;0.00419646727898;-8.67361737988e-19;0.0;1;0.949992384574;0;2
814.0073;1.9871;3.31183333333e-05;0.00419646727898;0.00112368585556;0.00223287616359;0.00196359111538;8.88009429774e-06;0;1;0.00221643727129;0.00420426662571;0.0;0.0;1;0.949981552658;0;2
815.9917;1.9844;3.30733333333e-05;0.00420426662571;0.00112733896314;0.00223709143845;0.00196717518726;8.86711860554e-06;0;1;0.00222037253793;0.00421175393992;0.0;0.0;1;0.95000930927;0;2
817.9734;1.9817;3.30283333333e-05;0.00421175393992;0.00113085069124;0.00224100681484;0.00197074712508;8.85415072974e-06;0;1;0.00222400721609;0.00421892852377;8.67361737988e-19;0.0;1;0.949980218353;0;2
819.9526;1.9792;3.29866666667e-05;0.00421892852377;0.0011342201255;0.0022448484724;0.00197408005138;8.84208401145e-06;0;1;0.00222756731297;0.004225791947;-8.67361737988e-19;0.0;1;0.949990449489;0;2
821.9294;1.9768;3.29466666667e-05;0.004225791947;0.0011374474417;0.00224850610275;0.00197728584425;8.83047136321e-06;0;1;0.00223094477268;0.00423234681223;0.0;0.0;1;0.949992846519;0;2
823.9039;1.9745;3.29083333333e-05;0.00423234681223;0.00114053333049;0.00225198306106;0.00198036375117;8.81931254219e-06;0;1;0.00223414427006;0.00423859704202;0.0;0.0;1;0.94998827926;0;2
825.8762;1.9723;3.28716666667e-05;0.00423859704202;0.00114347913501;0.00225528389798;0.00198331314404;8.80860730887e-06;0;1;0.00223717155599;0.00424454775939;0.0;0.0;1;0.949977816724;0;2
827.8465;1.9703;3.28383333333e-05;0.00424454775939;0.00114628679699;0.00225852887612;0.00198601888328;8.79880195437e-06;0;1;0.00224014703159;0.00425020544625;-8.67361737988e-19;0.0;1;0.950010922503;0;2
829.8148;1.9683;3.2805e-05;0.00425020544625;0.00114895893344;0.0022614958687;0.00198870957755;8.78900310275e-06;0;1;0.00224285134477;0.00425557691922;0.0;0.0;1;0.949992662246;0;2
831.7813;1.9665;3.2775e-05;0.00425557691922;0.00115149835393;0.002264421513;0.00199115540622;8.78010357987e-06;0;1;0.00224552007021;0.00426067037285;8.67361737988e-19;0.0;1;0.950020994842;0;2
833.746;1.9647;3.2745e-05;0.00426067037285;0.00115390855353;0.00226708413513;0.00199358623772;8.77121019157e-06;0;1;0.00224793409743;0.00426549412496;8.67361737988e-19;0.0;1;0.950001032026;0;2
835.709;1.963;3.27166666667e-05;0.00426549412496;0.00115619311953;0.00226960709364;0.00199588703132;8.76276924117e-06;0;1;0.00225021639089;0.00427005731964;0.0;0.0;1;0.949982724337;0;2
837.6705;1.9615;3.26916666667e-05;0.00427005731964;0.00115835606304;0.00227211541764;0.00199794190199;8.75522681781e-06;0;1;0.00225249139516;0.004274369737;0.0;0.0;1;0.950016305541;0;2
839.6305;1.96;3.26666666667e-05;0.004274369737;0.00116040172836;0.00227438738759;0.0019999823494;8.74768999608e-06;0;1;0.00225453966838;0.00427844099446;8.67361737988e-19;0.0;1;0.950006829886;0;2
841.5891;1.9586;3.26433333333e-05;0.00427844099446;0.00116233441281;0.00227654818092;0.00200189281354;8.74060495679e-06;0;1;0.00225648560905;0.00428228115097;0.0;0.0;1;0.950004527122;0;2
843.5464;1.9573;3.26216666667e-05;0.00428228115097;0.00116415865149;0.00227860772856;0.00200367342241;8.7339714866e-06;0;1;0.0022583392483;0.00428590036589;0.0;0.0;1;0.950011285319;0;2
845.5024;1.956;3.26e-05;0.00428590036589;0.00116587905391;0.00228045942946;0.00200544093644;8.72734323377e-06;0;1;0.00225999504634;0.00428930863954;0.0;0.0;1;0.949980422019;0;2
847.4573;1.9549;3.25816666667e-05;0.00428930863954;0.00116750017875;0.00228234609944;0.00200696254011;8.72161235591e-06;0;1;0.00226169368703;0.00429251628145;0.0;0.0;1;0.950010883428;0;2
849.4111;1.9538;3.25633333333e-05;0.00429251628145;0.00116902675469;0.00228404447331;0.00200847180814;8.71588636438e-06;0;1;0.00226321387094;0.00429553312605;0.0;0.0;1;0.950007382901;0;2
851.3639;1.9528;3.25466666667e-05;0.00429553312605;0.00117046330555;0.00228568074309;0.00200985238297;8.71061123781e-06;0;1;0.0022646805717;0.0042983690101;8.67361737988e-19;0.0;1;0.950020271556;0;2
853.3157;1.9518;3.253e-05;0.0042983690101;0.00117181437554;0.00228714729819;0.00201122171191;8.70534079941e-06;0;1;0.00226598703394;0.00430103340504;8.67361737988e-19;0.0;1;0.950002644681;0;2
855.2666;1.9509;3.2515e-05;0.00430103340504;0.00117308435246;0.00228857026321;0.00201246314183;8.7005209474e-06;0;1;0.0022672580564;0.00430353567729;0.0;0.0;1;0.950004823866;0;2
857.2166;1.95;3.25e-05;0.00430353567729;0.00117427758998;0.00228984130046;0.00201369437683;8.69570559047e-06;0;1;0.00226838610241;0.00430588477365;0.0;0.0;1;0.949979759166;0;2
859.1658;1.9492;3.24866666667e-05;0.00430588477365;0.0011753982562;0.00229108628098;0.00201479849267;8.69134054708e-06;0;1;0.00226949564281;0.0043080894616;0.0;0.0;1;0.949977712736;0;2
861.1143;1.9485;3.2475e-05;0.0043080894616;0.00117645044664;0.00229231369528;0.00201577576631;8.68742562187e-06;0;1;0.0022705948267;0.00431015816739;-8.67361737988e-19;0.0;1;0.95000023206;0;2
863.0621;1.9478;3.24633333333e-05;0.00431015816739;0.00117743810576;0.00229341394239;0.00201674422499;8.68351485071e-06;0;1;0.00227157482179;0.00431209886526;8.67361737988e-19;0.0;1;0.950000024407;0;2
865.0092;1.9471;3.24516666667e-05;0.00431209886526;0.00117836497265;0.00229439443825;0.00201770442701;8.67960820342e-06;0;1;0.00227244270985;0.00431391919533;-8.67361737988e-19;0.0;1;0.949978436223;0;2
866.9557;1.9465;3.24416666667e-05;0.00431391919533;0.00117923463617;0.0022953802193;0.00201853897603;8.67615134088e-06;0;1;0.0022733220539;0.00431562654525;0.0;0.0;1;0.949985560719;0;2
868.9017;1.946;3.24333333333e-05;0.00431562654525;0.00118005057288;0.00229637841482;0.00201924813044;8.67314407407e-06;0;1;0.00227421961887;0.00431722793856;0.0;0.0;1;0.950022685285;0;2
870.8471;1.9454;3.24233333333e-05;0.00431722793856;0.00118081609276;0.00229715962685;0.00202006831171;8.66969499352e-06;0;1;0.00227490793443;0.00431872988448;-8.67361737988e-19;0.0;1;0.949993363757;0;2
872.792;1.9449;3.2415e-05;0.00431872988448;0.00118153426649;0.0022979659949;0.00202076388959;8.66669537392e-06;0;1;0.00227562652803;0.00432013872224;0.0;0.0;1;0.94999633848;0;2
874.7364;1.9444;3.24066666667e-05;0.00432013872224;0.00118220808925;0.00229868540874;0.0020214533135;8.6636994978e-06;0;1;0.00227626409423;0.0043214603749;-8.67361737988e-19;0.0;1;0.949983849842;0;2
876.6804;1.944;3.24e-05;0.0043214603749;0.00118284036233;0.00229944166437;0.00202201871053;8.6611528321e-06;0;1;0.0022769429507;0.00432270050839;-8.67361737988e-19;0.0;1;0.950005755985;0;2
878.624;1.9436;3.23933333333e-05;0.00432270050839;0.00118343376853;0.00230012187252;0.00202257863588;8.65860974037e-06;0;1;0.00227755104152;0.00432386440099;0.0;0.0;1;0.950014155003;0;2
880.5672;1.9432;3.23866666667e-05;0.00432386440099;0.00118399080917;0.00230073094038;0.00202313346061;8.65607019776e-06;0;1;0.00227809297332;0.0043249570304;-8.67361737988e-19;0.0;1;0.950009925552;0;2
882.51;1.9428;3.238e-05;0.0043249570304;0.00118451384523;0.00230127349851;0.00202368353189;8.65353417968e-06;0;1;0.00227857308683;0.00432598308454;0.0;0.0;1;0.949993895778;0;2
884.4525;1.9425;3.2375e-05;0.00432598308454;0.00118500510204;0.00230187241072;0.00202411067383;8.6514470001e-06;0;1;0.00227911279571;0.00432694702253;-8.67361737988e-19;0.0;1;0.950015752046;0;2
886.3946;1.9421;3.23683333333e-05;0.00432694702253;0.00118546669814;0.00230229487445;0.00202465214808;8.64891788143e-06;0;1;0.00227948136801;0.00432785293154;0.0;0.0;1;0.949978429766;0;2
888.3364;1.9418;3.23633333333e-05;0.00432785293154;0.0011859005763;0.00230278173907;0.00202507119247;8.64683747723e-06;0;1;0.00227991705586;0.00432870474419;-8.67361737988e-19;0.0;1;0.949980428854;0;2
890.278;1.9416;3.236e-05;0.00432870474419;0.00118630860741;0.00230333679215;0.00202536795204;8.64520561166e-06;0;1;0.0022804233937;0.00432950614013;8.67361737988e-19;0.0;1;0.950022423815;0;2
892.2193;1.9413;3.2355e-05;0.00432950614013;0.00118669254299;0.00230372623371;0.00202577990643;8.64313173877e-06;0;1;0.00228076870739;0.00433026048207;0.0;0.0;1;0.950007171035;0;2
894.1603;1.941;3.235e-05;0.00433026048207;0.00118705398435;0.00230407178361;0.00202618869846;8.64106113637e-06;0;1;0.00228107332438;0.0043309709617;0.0;0.0;1;0.949984149998;0;2
896.1011;1.9408;3.23466666667e-05;0.0043309709617;0.00118739445224;0.0023044951529;0.0020264758088;8.6394388931e-06;0;1;0.00228145756259;0.00433164059916;8.67361737988e-19;0.0;1;0.950002837985;0;2
898.0417;1.9406;3.23433333333e-05;0.00433164059916;0.00118771538646;0.00230488047897;0.0020267601202;8.6378197641e-06;0;1;0.00228180654567;0.00433227217943;-8.67361737988e-19;0.0;1;0.950014796927;0;2
899.9821;1.9404;3.234e-05;0.00433227217943;0.00118801811519;0.00230523035071;0.00202704182872;8.63620372861e-06;0;1;0.00228212267955;0.00433286830454;0.0;0.0;1;0.950020486494;0;2
901.9223;1.9402;3.23366666667e-05;0.00433286830454;0.00118830387986;0.0023055471877;0.00202732111685;8.63459076608e-06;0;1;0.00228240821139;0.00433343140414;0.0;0.0;1;0.950020336057;0;2
903.8623;1.94;3.23333333333e-05;0.00433343140414;0.00118857384008;0.00230583324976;0.00202759815438;8.63298085615e-06;0;1;0.00228266523877;0.00433396374562;0.0;0.0;1;0.950014746442;0;2
905.8021;1.9398;3.233e-05;0.00433396374562;0.00118882907844;0.00230609064636;0.00202787309927;8.63137397864e-06;0;1;0.00228289571863;0.00433446744392;8.67361737988e-19;0.0;1;0.950004091623;0;2
907.7417;1.9396;3.23266666667e-05;0.00433446744392;0.00118907060502;0.00230632134551;0.00202814609842;8.62977011356e-06;0;1;0.0022831014758;0.00433494447077;-8.67361737988e-19;0.0;1;0.94998872035;0;2
909.6812;1.9395;3.2325e-05;0.00433494447077;0.00118929936184;0.00230664611228;0.00202829835849;8.6286140931e-06;0;1;0.00228340194259;0.00433539668699;0.0;0.0;1;0.950017940316;0;2
911.6205;1.9393;3.23216666667e-05;0.00433539668699;0.00118951623817;0.00230682884068;0.00202856784631;8.62701612082e-06;0;1;0.00228356328163;0.00433582577849;0.0;0.0;1;0.949994096799;0;2
913.5597;1.9392;3.232e-05;0.00433582577849;0.00118972203986;0.0023071089797;0.00202871679878;8.62586588192e-06;0;1;0.00228382242749;0.00433623336039;0.0;0.0;1;0.950015436332;0;2
915.4987;1.939;3.23166666667e-05;0.00433623336039;0.0011899175392;0.0023072501085;0.00202898325189;8.6242737261e-06;0;1;0.0022839452486;0.00433662089343;8.67361737988e-19;0.0;1;0.949984248339;0;2
917.4376;1.9389;3.2315e-05;0.00433662089343;0.00119010343471;0.00230749154956;0.00202912934387;8.62312919368e-06;0;1;0.00228416856305;0.00433698977773;0.0;0.0;1;0.94999875674;0;2
919.3764;1.9388;3.23133333333e-05;0.00433698977773;0.00119028039616;0.00230771563207;0.00202927414565;8.6219874509e-06;0;1;0.00228437580382;0.00433734129535;-8.67361737988e-19;0.0;1;0.950010201599;0;2
921.3151;1.9387;3.23116666667e-05;0.00433734129535;0.00119044903693;0.0023079235479;0.00202941774745;8.62084847983e-06;0;1;0.00228456807326;0.00433767663889;0.0;0.0;1;0.950018793638;0;2
923.2536;1.9385;3.23083333333e-05;0.00433767663889;0.00119060992771;0.00230799734487;0.00202967929403;8.6192676624e-06;0;1;0.00228462854116;0.00433799690086;0.0;0.0;1;0.949975723134;0;2
925.192;1.9384;3.23066666667e-05;0.00433799690086;0.00119076359135;0.00230817614548;0.00202982075538;8.61813425253e-06;0;1;0.00228479384261;0.00433830313041;-8.67361737988e-19;0.0;1;0.949979178338;0;2
927.1303;1.9383;3.2305e-05;0.00433830313041;0.00119091053009;0.00230834188047;0.00202996124994;8.61700356119e-06;0;1;0.00228494703955;0.00433859628592;8.67361737988e-19;0.0;1;0.949980328737;0;2
929.0685;1.9382;3.23033333333e-05;0.00433859628592;0.00119105120276;0.00230849544118;0.00203010084474;8.61587557109e-06;0;1;0.00228508895562;0.00433887725813;8.67361737988e-19;0.0;1;0.949979331776;0;2
931.0066;1.9381;3.23016666667e-05;0.00433887725813;0.00119118603585;0.00230863765608;0.00203023960204;8.61475026511e-06;0;1;0.00228522035628;0.00433914687473;8.67361737988e-19;0.0;1;0.949976333771;0;2
932.9447;1.9381;3.23016666667e-05;0.00433914687473;0.00119131542575;0.00230888842665;0.00203025844808;8.61407205098e-06;0;1;0.00228545987547;0.00433940591816;0.0;0.0;1;0.950020488809;0;1
934.8827;1.938;3.23e-05;0.00433940591816;0.00119143974722;0.00230901023011;0.00203039568804;8.61295199295e-06;0;1;0.00228557235237;0.00433965508842;0.0;0.0;1;0.950013891306;0;2
936.8206;1.9379;3.22983333333e-05;0.00433965508842;0.00119155933554;0.00230912283635;0.00203053225207;8.61183456895e-06;0;1;0.0022856762984;0.00433989504923;0.0;0.0;1;0.950005672088;0;2
938.7584;1.9378;3.22966666667e-05;0.00433989504923;0.00119167450868;0.00230922686293;0.00203066818631;8.61071976247e-06;0;1;0.00228577228385;0.00434012641706;0.0;0.0;1;0.949995940152;0;2
940.6961;1.9377;3.2295e-05;0.00434012641706;0.00119178556199;0.00230932288347;0.0020308035336;8.60960755711e-06;0;1;0.00228586083838;0.00434034976442;0.0;0.0;1;0.949984796725;0;2
942.6338;1.9377;3.2295e-05;0.00434034976442;0.00119189276978;0.00230953062;0.00203081914442;8.608942189e-06;0;1;0.00228606043191;0.00434056563414;0.0;0.0;1;0.950021364108;0;1
944.5714;1.9376;3.22933333333e-05;0.00434056563414;0.00119199639219;0.00230961220951;0.00203095342463;8.60783506907e-06;0;1;0.00228613558513;0.00434077450802;0.0;0.0;1;0.950007676647;0;2
946.5089;1.9375;3.22916666667e-05;0.00434077450802;0.00119209666011;0.00230968727897;0.00203108722906;8.60673050235e-06;0;1;0.00228620467935;0.00434097684457;0.0;0.0;1;0.949992839861;0;2
948.4463;1.9374;3.229e-05;0.00434097684457;0.00119219379329;0.00230975625511;0.00203122058946;8.60562847299e-06;0;1;0.00228626810852;0.0043411730695;0.0;0.0;1;0.949976929021;0;2
950.3837;1.9374;3.229e-05;0.0043411730695;0.00119228799577;0.00230993876301;0.0020312343065;8.60497308213e-06;0;1;0.00228644425457;0.00434136358798;0.0;0.0;1;0.950009049271;0;1
952.321;1.9373;3.22883333333e-05;0.00434136358798;0.00119237946178;0.00230999673131;0.00203136685667;8.60387601338e-06;0;1;0.00228649744262;0.00434154875662;0.0;0.0;1;0.949991198211;0;2
954.2583;1.9373;3.22883333333e-05;0.00434154875662;0.00119246836226;0.00231016895821;0.0020313797984;8.60322548548e-06;0;1;0.00228666401933;0.00434172892559;0.0;0.0;1;0.950021506409;0;1
956.1955;1.9372;3.22866666667e-05;0.00434172892559;0.0011925548651;0.00231021728467;0.00203151164091;8.60213331688e-06;0;1;0.00228670822729;0.00434190440156;0.0;0.0;1;0.950001956003;0;2
958.1326;1.9371;3.2285e-05;0.00434190440156;0.00119263911731;0.00231026123415;0.00203164316741;8.6010436093e-06;0;1;0.00228674835465;0.00434207547845;0.0;0.0;1;0.949981634199;0;2
960.0697;1.9371;3.2285e-05;0.00434207547845;0.00119272125983;0.00231042035241;0.00203165512604;8.60040029783e-06;0;1;0.00228690271212;0.00434224243787;0.0;0.0;1;0.95000963212;0;1
962.0067;1.937;3.22833333333e-05;0.00434224243787;0.00119280142767;0.00231045636539;0.00203178607248;8.5993154013e-06;0;1;0.0022869354338;0.00434240552421;-8.67361737988e-19;0.0;1;0.949987911626;0;2
963.9437;1.937;3.22833333333e-05;0.00434240552421;0.00119287973803;0.00231060805256;0.00203179747165;8.59867680575e-06;0;1;0.00228708285301;0.00434256498119;0.0;0.0;1;0.950014599942;0;1
965.8806;1.9369;3.22816666667e-05;0.00434256498119;0.00119295630777;0.00231063707253;0.00203192790866;8.59759666237e-06;0;1;0.00228710904019;0.00434272101886;-8.67361737988e-19;0.0;1;0.949991647069;0;2
967.8175;1.9369;3.22816666667e-05;0.00434272101886;0.00119303123764;0.00231078220418;0.00203193881468;8.59696272581e-06;0;1;0.00228725032968;0.0043428738483;0.0;0.0;1;0.950017180111;0;1
969.7543;1.9368;3.228e-05;0.0043428738483;0.00119310462885;0.00231080504515;0.00203206880315;8.59588727865e-06;0;1;0.00228727073414;0.00434302365001;0.0;0.0;1;0.949993138329;0;2
971.6911;1.9368;3.228e-05;0.00434302365001;0.00119317656797;0.00231094437684;0.00203207927317;8.5952579451e-06;0;1;0.00228740659176;0.00434317060699;0.0;0.0;1;0.950017649257;0;1
973.6278;1.9367;3.22783333333e-05;0.00434317060699;0.00119324714277;0.0023109617414;0.00203220886558;8.59418713817e-06;0;1;0.00228742186253;0.00434331487431;0.0;0.0;1;0.949992642384;0;2
975.5645;1.9367;3.22783333333e-05;0.00434331487431;0.00119331642762;0.00231109592538;0.00203221894893;8.59356235258e-06;0;1;0.0022875528909;0.00434345661081;0.0;0.0;1;0.95001624614;0;1
977.5011;1.9366;3.22766666667e-05;0.00434345661081;0.00119338449872;0.00231110842022;0.00203234819058;8.59249613084e-06;0;1;0.00228756358858;0.0043435959497;0.0;0.0;1;0.949990381084;0;2
979.4377;1.9366;3.22766666667e-05;0.0043435959497;0.00119345141995;0.00231123801987;0.00203235792983;8.59187583909e-06;0;1;0.00228769030836;0.00434373302902;0.0;0.0;1;0.950013176941;0;1
981.3742;1.9365;3.2275e-05;0.00434373302902;0.00119351725752;0.00231124616919;0.00203248685982;8.5908141484e-06;0;1;0.00228769691751;0.00434386796318;0.0;0.0;1;0.949986546069;0;2
983.3107;1.9365;3.2275e-05;0.00434386796318;0.00119358206632;0.00231137167144;0.00203249629175;8.59019829724e-06;0;1;0.0022878197789;0.00434400087235;0.0;0.0;1;0.950008619821;0;1
985.2471;1.9364;3.22733333333e-05;0.00434400087235;0.00119364590399;0.00231137592849;0.00203262494386;8.58914108436e-06;0;1;0.00228782271866;0.00434413185477;0.0;0.0;1;0.949981302991;0;2
987.1835;1.9364;3.22733333333e-05;0.00434413185477;0.00119370881765;0.0023114977545;0.00203263410027;8.58852962146e-06;0;1;0.00228794211123;0.00434426101521;0.0;0.0;1;0.950002728845;0;1
989.1199;1.9364;3.22733333333e-05;0.00434426101521;0.00119377085757;0.00231161788859;0.00203264312662;8.5879203019e-06;0;1;0.00228805990501;0.00434438844466;0.0;0.0;1;0.950023856503;0;1
991.0562;1.9363;3.22716666667e-05;0.00434438844466;0.00119383206738;0.00231161703207;0.00203277141259;8.58686967656e-06;0;1;0.00228805801173;0.00434451422132;8.67361737988e-19;0.0;1;0.949995638436;0;2
992.9925;1.9363;3.22716666667e-05;0.00434451422132;0.00119389248461;0.00231173401794;0.00203278020338;8.58626466865e-06;0;1;0.0022881728254;0.00434463843077;0.0;0.0;1;0.950016211218;0;1
994.9287;1.9362;3.227e-05;0.00434463843077;0.0011939521503;0.00231173015342;0.00203290827735;8.58521839212e-06;0;1;0.00228816808121;0.00434476114017;0.0;0.0;1;0.949987462981;0;2
996.8649;1.9362;3.227e-05;0.00434476114017;0.00119401109668;0.00231184428539;0.00203291685477;8.58461764562e-06;0;1;0.00228828018739;0.00434488242452;0.0;0.0;1;0.950007532738;0;1
998.801;1.9361;3.22683333333e-05;0.00434488242452;0.00119406935973;0.00231183768737;0.00203304473715;8.58357566763e-06;0;1;0.00228827284664;0.00434500234145;0.0;0.0;1;0.949978302689;0;2
1000.7371;1.9361;3.22683333333e-05;0.00434500234145;0.00119412696709;0.00231194922098;0.00203305312048;8.58297913311e-06;0;1;0.0022883824822;0.00434512095688;-8.67361737988e-19;0.0;1;0.949997914435;0;1
1002.6732;1.9361;3.22683333333e-05;0.00434512095688;0.00119418395038;0.00231205954633;0.00203306141055;8.58238465564e-06;0;1;0.00228849096712;0.00434523832635;0.0;0.0;1;0.950017313194;0;1
1004.6092;1.936;3.22666666667e-05;0.00434523832635;0.00119424033625;0.00231204929099;0.00203318903536;8.58134900248e-06;0;1;0.00228848014266;0.00434535449568;-8.67361737988e-19;0.0;1;0.949987438454;0;2
1006.5452;1.936;3.22666666667e-05;0.00434535449568;0.00119429614669;0.00231215733999;0.00203319715569;8.58075866465e-06;0;1;0.00228858645574;0.00434546951944;0.0;0.0;1;0.95000643593;0;1
1008.4811;1.9359;3.2265e-05;0.00434546951944;0.00119435140786;0.00231214489048;0.00203332462896;8.57972718818e-06;0;1;0.00228857353515;0.00434558343692;-8.67361737988e-19;0.0;1;0.949976174389;0;2
1010.417;1.9359;3.2265e-05;0.00434558343692;0.00119440613862;0.00231225084376;0.00203333259316;8.57914094253e-06;0;1;0.00228867784421;0.00434569629642;8.67361737988e-19;0.0;1;0.949994802403;0;1
1012.3529;1.9359;3.2265e-05;0.00434569629642;0.00119446036214;0.00231235581508;0.00203334048135;8.57855669527e-06;0;1;0.0022887812128;0.00434580813745;-8.67361737988e-19;0.0;1;0.950013257293;0;1
1014.2887;1.9358;3.22633333333e-05;0.00434580813745;0.00119451409738;0.0023123403897;0.00203346774775;8.57753136502e-06;0;1;0.0022887654415;0.00434591899122;0.0;0.0;1;0.94998247111;0;2
1016.2245;1.9358;3.22633333333e-05;0.00434591899122;0.00119456735929;0.00231244349411;0.0020334754971;8.57695114045e-06;0;1;0.00228886701888;0.00434602889818;8.67361737988e-19;0.0;1;0.950000596848;0;1
1018.1603;1.9358;3.22633333333e-05;0.00434602889818;0.0011946201673;0.00231254571985;0.00203348317833;8.57637288026e-06;0;1;0.00228896775196;0.00434613789074;8.67361737988e-19;0.0;1;0.95001856766;0;1
1020.096;1.9357;3.22616666667e-05;0.00434613789074;0.00119467253694;0.00231252762975;0.00203361026099;8.57535359264e-06;0;1;0.00228894941958;0.00434624599365;0.0;0.0;1;0.949987311647;0;2
1022.0317;1.9357;3.22616666667e-05;0.00434624599365;0.00119472448008;0.00231262817609;0.00203361781756;8.5747792873e-06;0;1;0.00228904853615;0.00434635324109;0.0;0.0;1;0.950004986342;0;1
1023.9674;1.9357;3.22616666667e-05;0.00434635324109;0.00119477601313;0.00231272792861;0.00203362531247;8.57420691312e-06;0;1;0.00228914688754;0.00434645965977;0.0;0.0;1;0.95002252106;0;1
1025.903;1.9356;3.226e-05;0.00434645965977;0.00119482714889;0.0023127074294;0.00203375223037;8.57319356696e-06;0;1;0.00228912623249;0.00434656526929;0.0;0.0;1;0.949990840255;0;2
1027.8386;1.9356;3.226e-05;0.00434656526929;0.00119487789677;0.00231280565699;0.0020337596123;8.57262508139e-06;0;1;0.00228922311157;0.00434667009879;-8.67361737988e-19;0.0;1;0.950008106071;0;1
1029.7741;1.9355;3.22583333333e-05;0.00434667009879;0.00119492827074;0.00231278366802;0.00203388643077;8.57161566064e-06;0;1;0.00228920101656;0.004346774165;0.0;0.0;1;0.949976162566;0;2
1031.7096;1.9355;3.22583333333e-05;0.004346774165;0.00119497827883;0.00231288045867;0.00203389370633;8.57105102016e-06;0;1;0.00228929650563;0.00434687749427;0.0;0.0;1;0.949993174986;0;1
1033.6451;1.9355;3.22583333333e-05;0.00434687749427;0.00119502793367;0.00231297656562;0.00203390092866;8.57048825711e-06;0;1;0.00228939133249;0.00434698010622;8.67361737988e-19;0.0;1;0.950010066831;0;1
1035.5805;1.9354;3.22566666667e-05;0.00434698010622;0.00119507724467;0.00231295249934;0.00203402760688;8.56948461414e-06;0;1;0.00228936722511;0.00434708201404;0.0;0.0;1;0.949977756999;0;2
1037.5159;1.9354;3.22566666667e-05;0.00434708201404;0.00119512621817;0.00231304728264;0.0020340347314;8.5689256325e-06;0;1;0.00228946076812;0.00434718324055;0.0;0.0;1;0.949994415413;0;1
1039.4513;1.9354;3.22566666667e-05;0.00434718324055;0.0011951748651;0.00231314143391;0.00203404180665;8.56836849709e-06;0;1;0.0022895536974;0.00434728380221;-8.67361737988e-19;0.0;1;0.950010962358;0;1
1041.3866;1.9353;3.2255e-05;0.00434728380221;0.00119522319335;0.0023131154461;0.00203416835612;8.56737053688e-06;0;1;0.0022895277238;0.00434738370938;8.67361737988e-19;0.0;1;0.949978313651;0;2
1043.3219;1.9353;3.2255e-05;0.00434738370938;0.0011952712079;0.00231320836865;0.00203417534073;8.56681712065e-06;0;1;0.00228961945842;0.00434748298203;0.0;0.0;1;0.949994643896;0;1
1045.2572;1.9353;3.2255e-05;0.00434748298203;0.00119531891832;0.00231330070262;0.00203418227941;8.56626552018e-06;0;1;0.00228971062017;0.00434758163406;0.0;0.0;1;0.950010870332;0;1
1047.1924;1.9352;3.22533333333e-05;0.00434758163406;0.00119536633128;0.00231327292429;0.00203430870977;8.56527314991e-06;0;1;0.0022896829036;0.00434767967356;-8.67361737988e-19;0.0;1;0.949977905842;0;2
1049.1276;1.9352;3.22533333333e-05;0.00434767967356;0.00119541345064;0.00231336410969;0.00203431556387;8.56472520781e-06;0;1;0.00228977294619;0.00434777711818;8.67361737988e-19;0.0;1;0.949993929706;0;1
1051.0628;1.9352;3.22533333333e-05;0.00434777711818;0.00119546028489;0.00231345474333;0.00203432237486;8.56417905171e-06;0;1;0.00228986245065;0.00434787397979;-8.67361737988e-19;0.0;1;0.950009856251;0;1
1052.9979;1.9351;3.22516666667e-05;0.00434787397979;0.00119550683971;0.00231342528552;0.00203444869427;8.56319218064e-06;0;1;0.00228983309588;0.00434797026463;0.0;0.0;1;0.949976595556;0;2
1054.933;1.9351;3.22516666667e-05;0.00434797026463;0.00119555311808;0.0023135148388;0.00203445542583;8.5626496235e-06;0;1;0.00228992154561;0.00434806598849;0.0;0.0;1;0.949992331554;0;1
1056.8681;1.9351;3.22516666667e-05;0.00434806598849;0.00119559912758;0.00231360387178;0.00203446211671;8.56210882325e-06;0;1;0.00229000948699;0.00434816116154;0.0;0.0;1;0.950007975781;0;1
1058.8032;1.9351;3.22516666667e-05;0.00434816116154;0.00119564487309;0.00231369239391;0.00203446876763;8.56156977043e-06;0;1;0.00229009692898;0.00434825579351;8.67361737988e-19;0.0;1;0.950023529905;0;1
1060.7382;1.935;3.225e-05;0.00434825579351;0.00119569035926;0.00231366084517;0.00203459494834;8.56059007562e-06;0;1;0.00229006553048;0.00434834988874;0.0;0.0;1;0.949989900427;0;2
1062.6732;1.935;3.225e-05;0.00434834988874;0.00119573558818;0.00231374836313;0.00203460152561;8.5600545448e-06;0;1;0.00229015198997;0.00434844346103;0.0;0.0;1;0.95000527744;0;1
1064.6082;1.935;3.225e-05;0.00434844346103;0.00119578056647;0.00231383539611;0.00203460806492;8.55952073318e-06;0;1;0.00229023797464;0.00434853651883;0.0;0.0;1;0.95002056891;0;1
1066.5431;1.9349;3.22483333333e-05;0.00434853651883;0.00119582529816;0.00231380236941;0.00203473414942;8.55854633405e-06;0;1;0.00229020512897;0.00434862906539;8.67361737988e-19;0.0;1;0.949986678764;0;2
1068.478;1.9349;3.22483333333e-05;0.00434862906539;0.00119586978482;0.00231388844664;0.00203474061875;8.55801598807e-06;0;1;0.00229029017722;0.00434872111332;-8.67361737988e-19;0.0;1;0.950001801665;0;1
1070.4129;1.9349;3.22483333333e-05;0.00434872111332;0.00119591403249;0.00231397406146;0.00203474705186;8.55748733371e-06;0;1;0.00229037477216;0.00434881267002;8.67361737988e-19;0.0;1;0.950016843005;0;1
1072.3477;1.9348;3.22466666667e-05;0.00434881267002;0.00119595804472;0.00231393962492;0.00203487304509;8.55651814615e-06;0;1;0.00229034054425;0.00434890373786;0.0;0.0;1;0.949982704207;0;2
1074.2825;1.9348;3.22466666667e-05;0.00434890373786;0.00119600182264;0.00231402432645;0.00203487941142;8.55599290233e-06;0;1;0.00229042424329;0.00434899432848;8.67361737988e-19;0.0;1;0.949997584468;0;1
1076.2173;1.9348;3.22466666667e-05;0.00434899432848;0.00119604537183;0.00231410858542;0.00203488574306;8.55546932314e-06;0;1;0.00229050750801;0.00434908444841;0.0;0.0;1;0.950012386671;0;1
1078.152;1.9347;3.2245e-05;0.00434908444841;0.00119608869542;0.00231407279904;0.00203501164937;8.55450526491e-06;0;1;0.00229047195522;0.00434917409933;0.0;0.0;1;0.949978009807;0;2
1080.0867;1.9347;3.2245e-05;0.00434917409933;0.00119613179421;0.00231415618226;0.00203501791706;8.55398504239e-06;0;1;0.00229055436;0.00434926329202;8.67361737988e-19;0.0;1;0.949992657558;0;1
1082.0214;1.9347;3.2245e-05;0.00434926329202;0.00119617467337;0.00231423914058;0.00203502415144;8.55346645812e-06;0;1;0.00229063634737;0.00434935203235;-8.67361737988e-19;0.0;1;0.950007230365;0;1
1083.9561;1.9347;3.2245e-05;0.00434935203235;0.00119621733572;0.00231432167941;0.00203503035294;8.55294950353e-06;0;1;0.00229071792254;0.00434944032598;0.0;0.0;1;0.950021729188;0;1
1085.8907;1.9346;3.22433333333e-05;0.00434944032598;0.00119625978395;0.00231428417803;0.00203515614795;8.55199214189e-06;0;1;0.00229068068467;0.00434952817381;0.0;0.0;1;0.949987049864;0;2
1087.8253;1.9346;3.22433333333e-05;0.00434952817381;0.0011963020185;0.00231436588499;0.00203516228882;8.55147847414e-06;0;1;0.00229076144206;0.00434961558573;0.0;0.0;1;0.950001401977;0;1
1089.7599;1.9346;3.22433333333e-05;0.00434961558573;0.00119634404412;0.00231444718775;0.00203516839799;8.55096641044e-06;0;1;0.00229084180196;0.00434970256688;0.0;0.0;1;0.950015682802;0;1
1091.6944;1.9345;3.22416666667e-05;0.00434970256688;0.00119638586325;0.00231440845245;0.00203529411443;8.55001399342e-06;0;1;0.00229080335059;0.00434978911769;0.0;0.0;1;0.949980785873;0;2
1093.6289;1.9345;3.22416666667e-05;0.00434978911769;0.0011964274761;0.00231448895252;0.00203530016517;8.54950516539e-06;0;1;0.00229088292085;0.00434987524752;0.0;0.0;1;0.949994925141;0;1
1095.5634;1.9345;3.22416666667e-05;0.00434987524752;0.00119646888717;0.00231456906223;0.00203530618529;8.54899791636e-06;0;1;0.00229096210698;0.00434996096102;-8.67361737988e-19;0.0;1;0.950008995565;0;1
1097.4979;1.9345;3.22416666667e-05;0.00434996096102;0.00119651009868;0.00231464878589;0.00203531217513;8.54849223818e-06;0;1;0.00229104091317;0.00435004626273;8.67361737988e-19;0.0;1;0.950022997908;0;1
1099.4323;1.9344;3.224e-05;0.00435004626273;0.00119655111279;0.00231460847258;0.00203543779015;8.54754627811e-06;0;1;0.00229100090876;0.00435013115262;0.0;0.0;1;0.949987822704;0;2
1101.3667;1.9344;3.224e-05;0.00435013115262;0.0011965919295;0.00231468742842;0.0020354437242;8.54704376926e-06;0;1;0.00229107895901;0.00435021563944;0.0;0.0;1;0.950001689646;0;1
1103.3011;1.9344;3.224e-05;0.00435021563944;0.00119663255299;0.00231476601051;0.00203544962893;8.54654280692e-06;0;1;0.00229115664121;0.00435029972734;0.0;0.0;1;0.950015490677;0;1
1105.2354;1.9343;3.22383333333e-05;0.00435029972734;0.00119667298526;0.00231472455539;0.00203557517195;8.54560161598e-06;0;1;0.00229111551236;0.00435038341603;0.0;0.0;1;0.94998011413;0;2
1107.1697;1.9343;3.22383333333e-05;0.00435038341603;0.00119671322615;0.00231480239335;0.00203558102268;8.54510377434e-06;0;1;0.00229119246161;0.00435046671385;0.0;0.0;1;0.949993783946;0;1
1109.104;1.9343;3.22383333333e-05;0.00435046671385;0.00119675327968;0.00231487986888;0.00203558684496;8.54460745539e-06;0;1;0.00229126905381;0.00435054962465;-8.67361737988e-19;0.0;1;0.95000738985;0;1
1111.0383;1.9343;3.22383333333e-05;0.00435054962465;0.00119679314768;0.00231495698555;0.0020355926391;8.5441126514e-06;0;1;0.00229134529243;0.00435063215221;0.0;0.0;1;0.950020932475;0;1
1112.9725;1.9342;3.22366666667e-05;0.00435063215221;0.00119683283195;0.00231491406357;0.00203571808864;8.54317768963e-06;0;1;0.0022913027183;0.00435071429592;0.0;0.0;1;0.949985297282;0;2
1114.9067;1.9342;3.22366666667e-05;0.00435071429592;0.00119687233221;0.00231499046497;0.00203572383095;8.54268594325e-06;0;1;0.00229137825201;0.00435079606368;0.0;0.0;1;0.949998713787;0;1
1116.8409;1.9342;3.22366666667e-05;0.00435079606368;0.00119691165225;0.00231506651778;0.00203572954591;8.54219568869e-06;0;1;0.00229145344213;0.00435087745902;0.0;0.0;1;0.950012068826;0;1
1118.775;1.9341;3.2235e-05;0.00435087745902;0.00119695079374;0.00231502253017;0.00203585492885;8.54126532918e-06;0;1;0.00229140981762;0.00435095848114;0.0;0.0;1;0.949976245749;0;2
1120.7091;1.9341;3.2235e-05;0.00435095848114;0.0011969897563;0.00231509788766;0.00203586059348;8.54077808598e-06;0;1;0.00229148432228;0.00435103913768;0.0;0.0;1;0.949989478195;0;1
1122.6432;1.9341;3.2235e-05;0.00435103913768;0.0011970285436;0.00231517290617;0.00203586623151;8.54029231194e-06;0;1;0.00229155849271;0.00435111943191;8.67361737988e-19;0.0;1;0.950002650871;0;1
1124.5773;1.9341;3.2235e-05;0.00435111943191;0.0011970671572;0.00231524758874;0.00203587184318;8.53980799969e-06;0;1;0.0022916323319;0.00435119936707;8.67361737988e-19;0.0;1;0.950015764315;0;1
1126.5113;1.934;3.22333333333e-05;0.00435119936707;0.00119710559865;0.00231520222779;0.00203599713928;8.53888365269e-06;0;1;0.00229158735323;0.0043512789422;8.67361737988e-19;0.0;1;0.949979699114;0;2
1128.4453;1.934;3.22333333333e-05;0.0043512789422;0.00119714386748;0.00231527623971;0.00203600270249;8.53840229179e-06;0;1;0.00229166053103;0.00435135816456;8.67361737988e-19;0.0;1;0.949992694323;0;1
1130.3793;1.934;3.22333333333e-05;0.00435135816456;0.00119718196718;0.00231534992454;0.00203600824002;8.53792237067e-06;0;1;0.00229173338622;0.0043514370372;0.0;0.0;1;0.950005631864;0;1
1132.3133;1.934;3.22333333333e-05;0.0043514370372;0.00119721989922;0.00231542328509;0.00203601375211;8.53744388215e-06;0;1;0.00229180592156;0.00435151556313;0.0;0.0;1;0.950018512235;0;1
1134.2472;1.9339;3.22316666667e-05;0.00435151556313;0.00119725766502;0.00231537659837;0.00203613896476;8.53652542872e-06;0;1;0.00229175963521;0.0043515937412;0.0;0.0;1;0.949982213313;0;2
1136.1811;1.9339;3.22316666667e-05;0.0043515937412;0.00119729526402;0.0023154493111;0.0020361444301;8.53604983321e-06;0;1;0.00229183153148;0.00435167157842;0.0;0.0;1;0.94999497948;0;1
1138.115;1.9339;3.22316666667e-05;0.00435167157842;0.0011973326996;0.00231552170776;0.00203614987065;8.53557564889e-06;0;1;0.00229190311593;0.00435174907761;0.0;0.0;1;0.950007689929;0;1
1140.0489;1.9339;3.22316666667e-05;0.00435174907761;0.00119736997311;0.00231559379099;0.00203615528661;8.53510286881e-06;0;1;0.00229197439115;0.00435182624157;0.0;0.0;1;0.950020345124;0;1
1141.9827;1.9338;3.223e-05;0.00435182624157;0.00119740708587;0.00231554582266;0.0020362804189;8.53419019328e-06;0;1;0.00229192684033;0.00435190306904;8.67361737988e-19;0.0;1;0.949983820284;0;2
1143.9165;1.9338;3.223e-05;0.00435190306904;0.00119744403729;0.00231561727932;0.00203628578972;8.53372024945e-06;0;1;0.00229199749729;0.00435197956677;8.67361737988e-19;0.0;1;0.949996365029;0;1
1145.8503;1.9338;3.223e-05;0.00435197956677;0.0011974808306;0.00231568843022;0.00203629113655;8.53325168904e-06;0;1;0.00229206785254;0.0043520557374;0.0;0.0;1;0.950008855877;0;1
1147.7841;1.9338;3.223e-05;0.0043520557374;0.00119751746707;0.00231575927781;0.00203629645959;8.53278450526e-06;0;1;0.00229213790847;0.00435213158355;0.0;0.0;1;0.95002129326;0;1
1149.7178;1.9337;3.22283333333e-05;0.00435213158355;0.00119755394794;0.00231571006913;0.00203642151442;8.53187749512e-06;0;1;0.00229208913362;0.00435220710388;0.0;0.0;1;0.949984549792;0;2
1151.6515;1.9337;3.22283333333e-05;0.00435220710388;0.00119759027257;0.00231578031006;0.00203642679381;8.53141309241e-06;0;1;0.00229215859082;0.00435228230488;8.67361737988e-19;0.0;1;0.949996880246;0;1
1153.5852;1.9337;3.22283333333e-05;0.00435228230488;0.00119762644407;0.0023158502549;0.00203643204998;8.53095004607e-06;0;1;0.00229222775579;0.00435235718905;-8.67361737988e-19;0.0;1;0.950009158508;0;1
1155.5189;1.9337;3.22283333333e-05;0.00435235718905;0.00119766246365;0.00231591990596;0.0020364372831;8.53048834953e-06;0;1;0.00229229663079;0.00435243175887;8.67361737988e-19;0.0;1;0.950021384988;0;1
1157.4525;1.9336;3.22266666667e-05;0.00435243175887;0.00119769833248;0.00231586949568;0.00203656226319;8.52958689532e-06;0;1;0.00229224666993;0.00435250601289;0.0;0.0;1;0.949984429741;0;2
1159.3861;1.9336;3.22266666667e-05;0.00435250601289;0.00119773404986;0.00231593855882;0.00203656745408;8.52912792614e-06;0;1;0.0022923149646;0.00435257995742;8.67361737988e-19;0.0;1;0.949996552604;0;1
1161.3197;1.9336;3.22266666667e-05;0.00435257995742;0.00119776961883;0.00231600733497;0.00203657262245;8.52867028704e-06;0;1;0.00229238297598;0.00435265359481;0.0;0.0;1;0.950008624886;0;1
1163.2533;1.9336;3.22266666667e-05;0.00435265359481;0.00119780504051;0.00231607582632;0.00203657776849;8.52821397161e-06;0;1;0.00229245070621;0.0043527269274;-8.67361737988e-19;0.0;1;0.950020646973;0;1
1165.1868;1.9335;3.2225e-05;0.0043527269274;0.00119784031601;0.002316024251;0.00203670267639;8.52731796683e-06;0;1;0.00229239959525;0.00435279995368;8.67361737988e-19;0.0;1;0.949983486405;0;2
1167.1203;1.9335;3.2225e-05;0.00435279995368;0.00119787544461;0.00231609217215;0.00203670778153;8.52686432651e-06;0;1;0.00229246676256;0.00435287267976;-8.67361737988e-19;0.0;1;0.949995408005;0;1
1169.0538;1.9335;3.2225e-05;0.00435287267976;0.00119791042924;0.00231615981494;0.00203671286482;8.52641199067e-06;0;1;0.00229253365505;0.00435294510789;8.67361737988e-19;0.0;1;0.950007280546;0;1
1170.9873;1.9335;3.2225e-05;0.00435294510789;0.00119794527098;0.00231622718143;0.00203671792646;8.52596095309e-06;0;1;0.00229260027476;0.00435301724026;0.0;0.0;1;0.950019104396;0;1
1172.9207;1.9334;3.22233333333e-05;0.00435301724026;0.00119797997087;0.00231617447568;0.00203684276458;8.52507029407e-06;0;1;0.00229254804771;0.00435308907534;0.0;0.0;1;0.949981744624;0;2
1174.8541;1.9334;3.22233333333e-05;0.00435308907534;0.00119801452817;0.00231624128877;0.00203684778657;8.52462188072e-06;0;1;0.00229261412101;0.00435316061904;8.67361737988e-19;0.0;1;0.949993470954;0;1
1176.7875;1.9334;3.22233333333e-05;0.00435316061904;0.00119804894573;0.00231630783167;0.00203685278737;8.52417474696e-06;0;1;0.00229267992754;0.00435323187349;8.67361737988e-19;0.0;1;0.950005149672;0;1
1178.7209;1.9334;3.22233333333e-05;0.00435323187349;0.00119808322456;0.00231637410636;0.00203685776713;8.5237288867e-06;0;1;0.00229274546922;0.0043533028408;-8.67361737988e-19;0.0;1;0.950016781126;0;1
1180.6542;1.9333;3.22216666667e-05;0.0043533028408;0.00119811736566;0.00231632030304;0.00203698253776;8.52284347254e-06;0;1;0.00229269215841;0.00435337351937;0.0;0.0;1;0.949979227955;0;2
1182.5875;1.9333;3.22216666667e-05;0.00435337351937;0.00119815136828;0.00231638604029;0.00203698747908;8.52240018699e-06;0;1;0.0022927571694;0.00435344391496;0.0;0.0;1;0.949990764711;0;1
1184.5208;1.9333;3.22216666667e-05;0.00435344391496;0.00119818523516;0.00231645151514;0.00203699239982;8.52195815678e-06;0;1;0.00229282192127;0.0043535140296;8.67361737988e-19;0.0;1;0.950002255229;0;1
1186.4541;1.9333;3.22216666667e-05;0.0043535140296;0.00119821896729;0.00231651672947;0.00203699730013;8.52151737598e-06;0;1;0.00229288641587;0.00435358386529;0.0;0.0;1;0.950013699842;0;1
1188.3873;1.9332;3.222e-05;0.00435358386529;0.00119825256563;0.00231646185987;0.00203712200542;8.52063710843e-06;0;1;0.00229283205209;0.0043536534204;0.0;0.0;1;0.949975958801;0;2
1190.3205;1.9332;3.222e-05;0.0043536534204;0.00119828602937;0.00231652655198;0.00203712686842;8.52019885413e-06;0;1;0.00229289603097;0.00435372270053;0.0;0.0;1;0.949987311405;0;1
1192.2537;1.9332;3.222e-05;0.00435372270053;0.00119831936122;0.00231659098911;0.00203713171143;8.51976183154e-06;0;1;0.00229295975804;0.00435379170763;-8.67361737988e-19;0.0;1;0.949998619083;0;1
1194.1869;1.9332;3.222e-05;0.00435379170763;0.0011983525621;0.00231665517305;0.00203713653459;8.51932603492e-06;0;1;0.00229302323506;0.00435386044361;0.0;0.0;1;0.950009882151;0;1
1196.1201;1.9332;3.222e-05;0.00435386044361;0.00119838563293;0.00231671910557;0.00203714133804;8.51889145853e-06;0;1;0.00229308646378;0.00435392891036;-8.67361737988e-19;0.0;1;0.950021100924;0;1
1198.0532;1.9331;3.22183333333e-05;0.00435392891036;0.00119841857461;0.00231666294658;0.00203726596378;8.5180174788e-06;0;1;0.00229303082657;0.0043539971062;8.67361737988e-19;0.0;1;0.94998313272;0;2
1199.9863;1.9331;3.22183333333e-05;0.0043539971062;0.00119845138634;0.00231672637492;0.00203727073128;8.51758537049e-06;0;1;0.00229309355733;0.00435406503657;-8.67361737988e-19;0.0;1;0.94999426267;0;1
1201.9194;1.9331;2.28333333348e-07;0.00435406503657;0.00119848407071;0.0023167895571;0.00203727547948;8.51715446529e-06;0;1;0.00229315604496;0.0043221427033;0.0;0.0;1;0.95000534925;0;1
