# Hydrograph at the point with coordinates: 3.11524736794 69.0903221649
# A pixel size is [m2]:
# 1.0
# time[s];deltaTime[s];Rainfall[m];Water_level_[m];Sheet_Flow[m3/s];Sheet_V_runoff[m3];Sheet_V_rest[m3];Infiltration[m];Surface_retetion[m];State;V_inflow[m3];WlevelTotal[m];SurfaceBil[m3];V_to_rill.m3.;ratio;courant;courantrill;iter
20.0;20.0;0.0;0.0;0.0;0.0;0.0;0.0;0.0;0;0.0;0.0;0.0;0.0;1;1.95;1.95;0
20.0;20.0;0.0;0.0;0.0;0.0;0.0;0.0;0.0;0;0.0;0.0;0.0;0.0;1;0;0;1
40.0;20.0;0.0;0.0;0.0;0.0;0.0;0.0;0.0;0;0.0;0.0;0.0;0.0;1;0;0;1
60.0;20.0;0.0;0.0;0.0;0.0;0.0;0.0;0.0;0;0.0;0.0;0.0;0.0;1;0;0;1
80.0;20.0;0.0;0.0;0.0;0.0;0.0;0.0;0.0;0;0.0;0.0;0.0;0.0;1;0;0;1
100.0;20.0;0.0;0.0;0.0;0.0;0.0;0.0;0.0;0;0.0;0.0;0.0;0.0;1;0;0;1
120.0;20.0;0.0;0.0;0.0;0.0;0.0;0.0;0.0;0;0.0;0.0;0.0;0.0;1;0;0;1
140.0;20.0;0.0;0.0;0.0;0.0;0.0;0.0;0.0;0;0.0;0.0;0.0;0.0;1;0;0;1
160.0;20.0;0.0;0.0;0.0;0.0;0.0;0.0;0.0;0;0.0;0.0;0.0;0.0;1;0;0;1
180.0;20.0;0.000280000001192;0.0;0.0;0.0;0.0;0;0.000280000001192;0;0.0;0.0;0.0;0.0;1;0;0;1
200.0;20.0;0.000333333333333;0.0;0.0;0.0;0.0;0;0.000333333333333;0;0.0;0.0;0.0;0.0;1;0;0;1
220.0;20.0;0.000333333333333;0.0;0.0;0.0;0.0;0;0.000333333333333;0;0.0;0.0;0.0;0.0;1;0;0;1
240.0;20.0;0.000333333333333;0.0;0.0;0.0;0.0;0.000100639464951;5.33333321412e-05;0;0.0;0.000179360536241;0.0;0.0;1;0;0;1
260.0;20.0;0.000333333333333;0.000179360536241;1.71612018112e-06;3.43224036225e-05;0.000145038132619;9.88110004982e-05;0;0;3.42024656744e-05;0.000413762931128;0.0;0.0;1;0.904473844149;0;1
271.4998;11.4998;0.000191663333333;0.000413762931128;7.398009066e-06;8.50756246572e-05;0.000328687306471;5.6343509225e-05;0;0;8.47790452846e-05;0.000548786175864;1.08420217249e-19;0.0;1;0.949996555684;0;2
281.0843;9.5845;0.000159741666667;0.000548786175864;1.21202012027e-05;0.000116166068427;0.000432620107437;4.66754725454e-05;0;0;0.000115762703297;0.000661449004855;1.08420217249e-19;0.0;1;0.950001569141;0;2
289.5886;8.5043;0.000141738333333;0.000661449004855;1.67981228545e-05;0.000142856276192;0.000518592728663;4.12152631351e-05;0;0;0.000142362275182;0.000761478074044;-1.08420217249e-19;0.0;1;0.950001044869;0;2
297.3634;7.7748;0.00012958;0.000761478074044;2.14867259469e-05;0.000167054996892;0.000594423077152;3.75279243126e-05;0;0;0.000166479734826;0.000852954887665;0.0;0.0;1;0.950000759532;0;2
304.5984;7.235;0.000120583333333;0.000852954887665;2.6199431186e-05;0.000189552884631;0.000663402003034;3.48012283974e-05;0;0;0.000188902905702;0.000938087013672;0.0;0.0;1;0.949997640883;0;2
311.411;6.8126;0.000113543333333;0.000938087013672;3.09395567403e-05;0.000210778824249;0.000727308189422;3.26695767436e-05;0;0;0.000210059126452;0.00101824107246;0.0;0.0;1;0.950001701637;0;2
317.8801;6.4691;0.000107818333333;0.00101824107246;3.57072147855e-05;0.000230993543169;0.000787247529295;3.09380364335e-05;0;0;0.000230208177866;0.00109433600406;0.0;0.0;1;0.949994438143;0;2
324.0622;6.1821;0.000103035;0.00109433600406;4.05012578248e-05;0.000250382825999;0.000843953178063;2.94929896317e-05;0;0;0.000249535167885;0.00116703035632;2.16840434497e-19;0.0;1;0.950006182293;0;2
329.9992;5.937;9.895e-05;0.00116703035632;4.53202933761e-05;0.000269066581774;0.000897963774542;2.82604415564e-05;0;0;0.000268159561395;0.00123681289438;0.0;0.0;1;0.950002537187;0;2
335.7235;5.7243;9.5405e-05;0.00123681289438;5.0162654405e-05;0.000287146082611;0.000949666811769;2.71921320723e-05;0;0;0.000286182254518;0.00130406193421;0.0;0.0;1;0.950005197124;0;2
341.2606;5.5371;9.2285e-05;0.00130406193421;5.50268174548e-05;0.000304688990929;0.000999372943286;2.62530771831e-05;0;0;0.000303670650727;0.00136907551683;0.0;0.0;1;0.949992042245;0;2
346.6313;5.3707;8.95116666667e-05;0.00136907551683;5.99112268909e-05;0.000321765226263;0.00104731029057;2.54193420867e-05;0;0;0.000320694406203;0.00143209702135;0.0;0.0;1;0.949998531083;0;2
351.8526;5.2213;8.70216666667e-05;0.00143209702135;6.48146140439e-05;0.000338416544308;0.00109368047704;2.46716765172e-05;0;0;0.00033729511074;0.00149332557793;0.0;0.0;1;0.950003238466;0;2
356.9387;5.0861;8.47683333333e-05;0.00149332557793;6.97357032287e-05;0.000354682760191;0.00113864281774;2.39958634515e-05;0;0;0.000353512422749;0.00155292771037;0.0;0.0;1;0.950006910832;0;2
361.9016;4.9629;8.2715e-05;0.00155292771037;7.46733232027e-05;0.000370596235723;0.00118233147465;2.33807395094e-05;0;0;0.000369378574854;0.00161104430999;0.0;0.0;1;0.950007321525;0;2
366.7515;4.8499;8.08316666667e-05;0.00161104430999;7.96263846237e-05;0.000386180002787;0.00122486430721;2.28171932394e-05;0;0;0.000384916502945;0.00166779528358;2.16840434497e-19;0.0;1;0.949991984223;0;2
371.4974;4.7459;7.90983333333e-05;0.00166779528358;8.4593817733e-05;0.000401473799579;0.001266321484;2.2299061338e-05;0;0;0.000400165796793;0.00172328655279;0.0;0.0;1;0.949999682414;0;2
376.147;4.6496;7.74933333333e-05;0.00172328655279;8.9574836092e-05;0.000416487157894;0.00130679939489;2.18198070874e-05;0;0;0.000415135940801;0.00177760886194;0.0;0.0;1;0.95000051647;0;2
380.7071;4.5601;7.60016666667e-05;0.00177760886194;9.45685659381e-05;0.000431242117534;0.00134636674441;2.13748501892e-05;0;0;0.000429848887789;0.00183084244867;0.0;0.0;1;0.950003186852;0;2
385.1837;4.4766;7.461e-05;0.00183084244867;9.95742434494e-05;0.000445754058226;0.00138508839045;2.09601397184e-05;0;0;0.00044431995345;0.00188305820418;0.0;0.0;1;0.950005380793;0;2
389.5821;4.3984;7.33066666667e-05;0.00188305820418;0.000104591150243;0.00046003371523;0.00142302448895;2.05721427947e-05;0;0;0.000458559824834;0.00193431883766;-2.16840434497e-19;0.0;1;0.949999325046;0;2
393.9071;4.325;7.20833333333e-05;0.00193431883766;0.000109618578528;0.000474100352134;0.00146021848552;2.02083019192e-05;0;0;0.000472587690641;0.00198468120758;4.33680868994e-19;0.0;1;0.949998571634;0;2
398.163;4.2559;7.09316666667e-05;0.00198468120758;0.000114655940037;0.000487964215202;0.00149671699238;1.98660917397e-05;0;0;0.000486413751926;0.00203419631923;0.0;0.0;1;0.949999712115;0;2
402.3537;4.1907;6.9845e-05;0.00203419631923;0.000119702671237;0.000501637984355;0.00153255833487;1.95434810421e-05;0;0;0.000500050636112;0.00208291048994;0.0;0.0;1;0.950006567824;0;2
406.4827;4.129;6.88166666667e-05;0.00208291048994;0.000124758268073;0.000515126888875;0.00156778360107;1.92384614758e-05;0;0;0.000513503544063;0.00213086535032;-4.33680868994e-19;0.0;1;0.950010523719;0;2
410.5531;4.0704;6.784e-05;0.00213086535032;0.000129822215711;0.000528428346831;0.00160243700349;1.89490449452e-05;0;0;0.000526769890127;0.00217809784867;-4.33680868994e-19;0.0;1;0.949991551086;0;2
414.5679;4.0148;6.69133333333e-05;0.00217809784867;0.000134893923648;0.000541572124662;0.00163652572401;1.86746556621e-05;0;0;0.000539879335697;0.00222464373738;0.0;0.0;1;0.949990088251;0;2
418.5298;3.9619;6.60316666667e-05;0.00222464373738;0.000139973048244;0.000554559219836;0.00167008451754;1.84137997043e-05;0;0;0.000552832864714;0.00227053524922;0.0;0.0;1;0.949993608914;0;2
422.4413;3.9115;6.51916666667e-05;0.00227053524922;0.000145059205754;0.000567399083308;0.00170313616591;1.81654602643e-05;0;0;0.000565639888603;0.00231580226092;0.0;0.0;1;0.95000617452;0;2
426.3046;3.8633;6.43883333333e-05;0.00231580226092;0.000150152059303;0.000580082450706;0.00173571981021;1.79281668704e-05;0;0;0.000578291162072;0.00236047113875;0.0;0.0;1;0.950001605983;0;2
430.1218;3.8172;6.362e-05;0.00236047113875;0.000155251153482;0.000592624703072;0.00176784643567;1.77013865451e-05;0;0;0.000590802009129;0.00240456705826;4.33680868994e-19;0.0;1;0.94999675829;0;2
433.8949;3.7731;6.2885e-05;0.00240456705826;0.00016035614479;0.000605039769907;0.00179952728835;1.74845928336e-05;0;0;0.000603186307872;0.00244811400339;-4.33680868994e-19;0.0;1;0.950005083322;0;2
437.6257;3.7308;6.218e-05;0.00244811400339;0.000165466782072;0.000617323470555;0.00183079053283;1.72768024288e-05;0;0;0.000615439882393;0.0024911336128;0.0;0.0;1;0.950011392171;0;2
441.3158;3.6901;6.15016666667e-05;0.0024911336128;0.000170582750094;0.000629467406121;0.00186166620668;1.70770389002e-05;0;0;0.00062755435055;0.00253364518499;0.0;0.0;1;0.949996124958;0;2
444.9668;3.651;6.085e-05;0.00253364518499;0.000175703644054;0.000641494004443;0.00189215118055;1.68852564674e-05;0;0;0.00063955206089;0.00257566798497;0.0;0.0;1;0.949987649546;0;2
448.5802;3.6134;6.02233333333e-05;0.00257566798497;0.00018082922795;0.000653408332274;0.0019222596527;1.67009503671e-05;0;0;0.000651438048201;0.00261722008387;0.0;0.0;1;0.949986866149;0;2
452.1574;3.5772;5.962e-05;0.00261722008387;0.000185959284019;0.000665213550794;0.00195200653307;1.65236198851e-05;0;0;0.000663215432097;0.00265831834528;-4.33680868994e-19;0.0;1;0.949992247619;0;2
455.6997;3.5423;5.90383333333e-05;0.00265831834528;0.000191093596517;0.000676910846941;0.00198140749834;1.63527680257e-05;0;0;0.000674885329781;0.00269897839343;0.0;0.0;1;0.94999997548;0;2
459.2083;3.5086;5.84766666667e-05;0.00269897839343;0.000196231933758;0.000688499362782;0.00201047903065;1.61879012142e-05;0;0;0.000686446751236;0.00273921454734;0.0;0.0;1;0.950004064184;0;2
462.6843;3.476;5.79333333333e-05;0.00273921454734;0.000201374026202;0.000699976115079;0.00203923843226;1.60285290307e-05;0;0;0.000697896461263;0.00277903969782;0.0;0.0;1;0.949996474823;0;2
466.1288;3.4445;5.74083333333e-05;0.00277903969782;0.000206519537166;0.000711356545768;0.00206768315206;1.58746245888e-05;0;0;0.000709249379693;0.00281846624049;4.33680868994e-19;0.0;1;0.949994799438;0;2
469.5428;3.414;5.69e-05;0.00281846624049;0.000211668171738;0.000722635138312;0.00209583110218;1.57257021204e-05;0;0;0.000720499187379;0.00285750458744;0.0;0.0;1;0.949988179055;0;2
472.9273;3.3845;5.64083333333e-05;0.00285750458744;0.000216819472734;0.000733825505469;0.00212367908197;1.55817385646e-05;0;0;0.000731658126382;0.00289616380312;0.0;0.0;1;0.949992023345;0;2
476.2832;3.3559;5.59316666667e-05;0.00289616380312;0.000221972889565;0.000744918820091;0.00215124498303;1.54422521746e-05;0;0;0.000742715350138;0.00293444974766;0.0;0.0;1;0.94999291131;0;2
479.6114;3.3282;5.547e-05;0.00293444974766;0.000227127515563;0.000755925797295;0.00217852395037;1.5307223165e-05;0;0;0.000753678557652;0.00297236528485;0.0;0.0;1;0.950004294385;0;2
482.9127;3.3013;5.50216666667e-05;0.00297236528485;0.000232282093266;0.000766832874499;0.00220553241035;1.51761732868e-05;0;0;0.000764530086299;0.00300990799003;0.0;0.0;1;0.95001041103;0;2
486.1878;3.2751;5.4585e-05;0.00300990799003;0.00023743467746;0.000777622312149;0.00223228567788;1.50486263039e-05;0;0;0.000775246781844;0.00304706883342;0.0;0.0;1;0.949993939825;0;2
489.4375;3.2497;5.41616666667e-05;0.00304706883342;0.000242582417281;0.000788320081437;0.00225874875199;1.49250259869e-05;0;0;0.000785847654072;0.00308383304674;0.0;0.0;1;0.949994531471;0;2
492.6625;3.225;5.375e-05;0.00308383304674;0.000247721636345;0.000798902277211;0.00228493076953;1.48048981083e-05;0;0;0.000796300610827;0.00312017648225;4.33680868994e-19;0.0;1;0.949993723458;0;2
495.8635;3.201;5.335e-05;0.00312017648225;0.000252847282545;0.000809364151426;0.00231081233082;1.4688228836e-05;0;0;0.000806591483973;0.00315606558596;4.33680868994e-19;0.0;1;0.950001299279;0;2
499.0411;3.1776;5.296e-05;0.00315606558596;0.000257952869173;0.000819671037085;0.00233639454887;1.45745465189e-05;0;0;0.000816675488688;0.00319145549104;0.0;0.0;1;0.949996859795;0;2
502.1959;3.1548;5.258e-05;0.00319145549104;0.000263030147808;0.000829807510305;0.00236164798074;1.44638393473e-05;0;0;0.000826526772717;0.00322629091411;4.33680868994e-19;0.0;1;0.949988768548;0;2
505.3285;3.1326;5.221e-05;0.00322629091411;0.000268069177934;0.000839753506797;0.00238653740731;1.43560960455e-05;0;0;0.000836115276986;0.00326050658825;-4.33680868994e-19;0.0;1;0.949985154285;0;2
508.4395;3.111;5.185e-05;0.00326050658825;0.000273058339123;0.000849484493012;0.00241102209524;1.425130584e-05;0;0;0.00084540764605;0.00329402843545;4.33680868994e-19;0.0;1;0.949993921451;0;2
511.5294;3.0899;5.14983333333e-05;0.00329402843545;0.000277984459685;0.000858944181982;0.00243508425347;1.4149000701e-05;0;0;0.000854340822891;0.00332677440899;-4.33680868994e-19;0.0;1;0.949992015053;0;2
514.5987;3.0693;5.1155e-05;0.00332677440899;0.000282832909025;0.00086809904767;0.00245867536132;1.40491714794e-05;0;0;0.000862876988337;0.00335865817818;0.0;0.0;1;0.949986097141;0;2
517.648;3.0493;5.08216666667e-05;0.00335865817818;0.000287588126039;0.000876942472731;0.00248171570545;1.39522667952e-05;0;0;0.000871008084115;0.00338959318943;0.0;0.0;1;0.95001381111;0;2
520.6776;3.0296;5.04933333333e-05;0.00338959318943;0.000292234232605;0.0008853528311;0.00250424035833;1.38569059356e-05;0;0;0.000878615091983;0.00341949187771;0.0;0.0;1;0.949988213458;0;2
523.6881;3.0105;5.0175e-05;0.00341949187771;0.000296754939853;0.000893380746428;0.00252611113129;1.37644533415e-05;0;0;0.000885753453629;0.00344827513157;0.0;0.0;1;0.950008528932;0;2
526.6798;2.9917;4.98616666667e-05;0.00344827513157;0.00030113501742;0.000900905631616;0.00254736949996;1.36735299662e-05;0;0;0.00089231172662;0.00347586936328;0.0;0.0;1;0.949986305408;0;2
529.6532;2.9734;4.95566666667e-05;0.00347586936328;0.000305359913868;0.000907957167895;0.00256791219538;1.35850431287e-05;0;0;0.000898330226762;0.00350221404568;0.0;0.0;1;0.949989742155;0;2
532.6087;2.9555;4.92583333333e-05;0.00350221404568;0.000309416974865;0.000914481869213;0.00258773217647;1.34985291087e-05;0;0;0.000903768819693;0.00352726080039;0.0;0.0;1;0.949992439872;0;2
535.5467;2.938;4.89666666667e-05;0.00352726080039;0.00031329538492;0.000920461840894;0.00260679895949;1.34139816528e-05;0;0;0.000908624019213;0.00355097566372;0.0;0.0;1;0.949999240525;0;2
538.4676;2.9209;4.86816666667e-05;0.00355097566372;0.000316986593128;0.000925886139866;0.00262508952385;1.33313947462e-05;0;0;0.000912899834606;0.00357333963038;0.0;0.0;1;0.950014873458;0;2
541.3717;2.9041;4.84016666667e-05;0.00357333963038;0.000320484471335;0.000930718953204;0.00264262067718;1.32503064903e-05;0;0;0.000916575743884;0.00359434778124;0.0;0.0;1;0.950011246851;0;2
544.2593;2.8876;4.81266666667e-05;0.00359434778124;0.000323785242105;0.000934962265101;0.00265938551613;1.31707119021e-05;0;0;0.00091966795684;0.00361400942774;0.0;0.0;1;0.949992133413;0;2
547.1308;2.8715;4.78583333333e-05;0.00361400942774;0.000326887553973;0.000938657611234;0.0026753518165;1.30930619996e-05;0;0;0.000922230434355;0.00363234752219;0.0;0.0;1;0.949994306006;0;2
549.9865;2.8557;4.7595e-05;0.00363234752219;0.00032979243126;0.00094178824595;0.00269055927624;1.30168959055e-05;0;0;0.000924258298126;0.00364939567846;0.0;0.0;1;0.949988837261;0;2
552.8268;2.8403;4.73383333333e-05;0.00364939567846;0.000332502832026;0.000944407793804;0.00270498788466;1.29426647069e-05;0;0;0.000925814157046;0.00366519771033;0.0;0.0;1;0.950012695995;0;2
555.6519;2.8251;4.7085e-05;0.00366519771033;0.000335023590589;0.000946475145773;0.00271872256456;1.28694527555e-05;0;0;0.000926865901151;0.00367980401296;0.0;0.0;1;0.95000279154;0;2
558.4621;2.8102;4.68366666667e-05;0.00367980401296;0.000337360846696;0.000948051451385;0.00273175256157;1.27977117267e-05;0;0;0.000927480025435;0.00369327154195;0.0;0.0;1;0.949995582927;0;2
561.2577;2.7956;4.65933333333e-05;0.00369327154195;0.000339522037991;0.000949167809407;0.00274410373254;1.27274376166e-05;0;0;0.000927691793604;0.00370566142186;4.33680868994e-19;0.0;1;0.949994374688;0;2
564.039;2.7813;4.6355e-05;0.00370566142186;0.000341515507788;0.000949857081812;0.00275580434005;1.26586265571e-05;0;0;0.000927536636889;0.00371703735038;0.0;0.0;1;0.950002403869;0;2
566.8062;2.7672;4.612e-05;0.00371703735038;0.000343350233708;0.000950118766716;0.00276691858366;1.25908199387e-05;0;0;0.000927016054168;0.00372746381789;4.33680868994e-19;0.0;1;0.949988511956;0;2
569.5596;2.7534;4.589e-05;0.00372746381789;0.000345035522445;0.000950020807501;0.00277744301039;1.25244694025e-05;0;0;0.000926197216314;0.00373700575731;4.33680868994e-19;0.0;1;0.949989622629;0;2
572.2995;2.7399;4.5665e-05;0.00373700575731;0.000346580933337;0.00094959709925;0.00278740865805;1.24595714423e-05;0;0;0.000925112993884;0.0037457270805;0.0;0.0;1;0.950008791931;0;2
575.0261;2.7266;4.54433333333e-05;0.0037457270805;0.000347996021642;0.000948845952608;0.00279688112789;1.23956681707e-05;0;0;0.000923760810761;0.00375368960381;-4.33680868994e-19;0.0;1;0.950014174125;0;2
577.7396;2.7135;4.5225e-05;0.00375368960381;0.000349290144119;0.000947798806067;0.00280589079774;1.23327567938e-05;0;0;0.0009221697996;0.00376095284055;0.0;0.0;1;0.950008037488;0;2
580.4402;2.7006;4.501e-05;0.00376095284055;0.000350472406121;0.000946485779971;0.00281446706058;1.22708346044e-05;0;0;0.000920367324013;0.00376757354999;0.0;0.0;1;0.949992607823;0;2
583.1282;2.688;4.48e-05;0.00376757354999;0.000351551570747;0.000944970622169;0.00282260292782;1.22103531142e-05;0;0;0.00091841307966;0.00377360565436;0.0;0.0;1;0.950005412171;0;2
585.8038;2.6756;4.45933333333e-05;0.00377360565436;0.000352536029505;0.000943245400544;0.00283036025382;1.21508552939e-05;0;0;0.000916296814234;0.00377909954609;0.0;0.0;1;0.950013744062;0;2
588.4671;2.6633;4.43883333333e-05;0.00377909954609;0.000353433675101;0.000941299906897;0.0028377996392;1.2091884785e-05;0;0;0.000914006016012;0.00378410210376;0.0;0.0;1;0.949984032327;0;2
591.1184;2.6513;4.41883333333e-05;0.00378410210376;0.000354251891287;0.000939228039368;0.00284487406439;1.20343472387e-05;0;0;0.00091162922884;0.00378865727932;0.0;0.0;1;0.949989354105;0;2
593.7579;2.6395;4.39916666667e-05;0.00378865727932;0.000354997637996;0.000937016265491;0.00285164101383;1.1977786208e-05;0;0;0.000909150625188;0.00379280551948;0.0;0.0;1;0.949996390263;0;2
596.3858;2.6279;4.37983333333e-05;0.00379280551948;0.000355677347368;0.000934684501147;0.00285812101833;1.19221994497e-05;0;0;0.00090658693778;0.00379658409;0.0;0.0;1;0.950007129579;0;2
599.0022;2.6164;4.36066666667e-05;0.00379658409;0.000356296968714;0.000932215388944;0.00286436870105;1.1867131329e-05;0;0;0.000903918841262;0.00380002707765;0.0;0.0;1;0.949987217468;0;2
601.6074;2.6052;4.342e-05;0.00380002707765;0.000356861961974;0.000929696783334;0.00287033029432;1.18134868617e-05;0;0;0.000901229156718;0.00380316596417;-4.33680868994e-19;0.0;1;0.950010879472;0;2
604.2015;2.5941;4.3235e-05;0.00380316596417;0.000357377386113;0.000927072677315;0.00287609328686;1.1760357073e-05;0;0;0.000898461314524;0.00380602924431;0.0;0.0;1;0.950007389729;0;2
606.7847;2.5832;4.30533333333e-05;0.00380602924431;0.000357847831621;0.000924392518642;0.00288163672567;1.17081935261e-05;0;0;0.000895661144516;0.00380864300999;0.0;0.0;1;0.950014763075;0;2
609.3571;2.5724;4.28733333333e-05;0.00380864300999;0.000358277512353;0.000921633072776;0.00288700993721;1.16565412391e-05;0;0;0.000892804165553;0.00381103089486;0.0;0.0;1;0.949997901415;0;2
611.9189;2.5618;4.26966666667e-05;0.00381103089486;0.000358670253061;0.000918841454293;0.00289218944057;1.16058516611e-05;0;0;0.000889934206553;0.00381321446213;0.0;0.0;1;0.949995080002;0;2
614.4703;2.5514;4.25233333333e-05;0.00381321446213;0.000359029550357;0.000916027994781;0.00289718646735;1.15561229435e-05;0;0;0.00088705958113;0.00381521325886;0.0;0.0;1;0.950008077944;0;2
617.0114;2.5411;4.23516666667e-05;0.00381521325886;0.000359358579343;0.000913166085968;0.0029020471729;1.15069005578e-05;0;0;0.000884152972423;0.00381704491143;-4.33680868994e-19;0.0;1;0.950001260272;0;2
619.5424;2.531;4.21833333333e-05;0.00381704491143;0.000359660207375;0.000910299984867;0.00290674492656;1.14586357827e-05;0;0;0.000881255821615;0.00381872544573;0.0;0.0;1;0.9500132867;0;2
622.0634;2.521;4.20166666667e-05;0.00381872544573;0.000359937045207;0.000907401290966;0.00291132415476;1.14108743747e-05;0;0;0.000878339335802;0.00382026928286;0.0;0.0;1;0.950008174756;0;2
624.5745;2.5111;4.18516666667e-05;0.00382026928286;0.00036019144496;0.00090447673744;0.00291579254542;1.13636150567e-05;0;0;0.000875408861917;0.00382168945894;0.0;0.0;1;0.94998700894;0;2
627.0759;2.5014;4.169e-05;0.00382168945894;0.000360425535263;0.000901568433907;0.00292012102504;1.13173089274e-05;0;0;0.000872504086751;0.00382299780286;0.0;0.0;1;0.949988835596;0;2
629.5678;2.4919;4.15316666667e-05;0.00382299780286;0.000360641249651;0.000898681930005;0.00292431587286;1.12719543969e-05;0;0;0.000869629399319;0.00382420498444;0.0;0.0;1;0.950015289472;0;2
632.0502;2.4824;4.13733333333e-05;0.00382420498444;0.000360840333795;0.000895750044612;0.00292845493983;1.12266456049e-05;0;0;0.000866718907413;0.00382532053497;0.0;0.0;1;0.949991442365;0;2
634.5233;2.4731;4.12183333333e-05;0.00382532053497;0.000361024348263;0.000892849315689;0.00293247121928;1.11822859081e-05;0;0;0.0008638458808;0.00382635314751;0.0;0.0;1;0.949994555192;0;2
636.9872;2.4639;4.1065e-05;0.00382635314751;0.00036119471756;0.000889947664595;0.00293640548291;1.11384218511e-05;0;0;0.000860978556479;0.00382731061754;0.0;0.0;1;0.94998764449;0;2
639.4421;2.4549;4.0915e-05;0.00382731061754;0.000361352719931;0.00088708479216;0.00294022582538;1.1095504233e-05;0;0;0.000858154692073;0.00382820001322;0.0;0.0;1;0.950010389848;0;2
641.888;2.4459;4.0765e-05;0.00382820001322;0.000361499515116;0.000884191664023;0.0029440083492;1.10526280511e-05;0;0;0.000855306914721;0.00382902763587;0.0;0.0;1;0.949986643426;0;2
644.3251;2.4371;4.06183333333e-05;0.00382902763587;0.000361636137549;0.00088134343082;0.00294768420505;1.10106960442e-05;0;0;0.000852507395995;0.00382979923833;0.0;0.0;1;0.94999475272;0;2
646.7535;2.4284;4.04733333333e-05;0.00382979923833;0.00036176353217;0.000878506561521;0.00295129267681;1.09692552371e-05;0;0;0.000849723220013;0.00383051997492;0.0;0.0;1;0.949997095652;0;2
649.1733;2.4198;4.033e-05;0.00383051997492;0.000361882545977;0.000875683384754;0.00295483659017;1.09283046519e-05;0;0;0.000846956210034;0.00383119449555;4.33680868994e-19;0.0;1;0.949994593944;0;2
651.5846;2.4113;4.01883333333e-05;0.00383119449555;0.000361993943408;0.000872875995739;0.00295831849981;1.08878433341e-05;0;0;0.000844208005877;0.00383182699569;0.0;0.0;1;0.949988156556;0;2
653.9876;2.403;4.005e-05;0.00383182699569;0.000362098414462;0.000870122489952;0.00296170450573;1.08483217158e-05;0;0;0.000841515102268;0.00383242128629;-4.33680868994e-19;0.0;1;0.950018214636;0;2
656.3823;2.3947;3.99116666667e-05;0.00383242128629;0.00036219658614;0.00086735216483;0.00296506912146;1.08088359906e-05;0;0;0.000838808805194;0.00383298075733;0.0;0.0;1;0.950006855662;0;2
658.7688;2.3865;3.9775e-05;0.00383298075733;0.000362289016334;0.000864602737482;0.00296837801984;1.07698368034e-05;0;0;0.00083612531175;0.00383350849479;0.0;0.0;1;0.94999421175;0;2
661.1472;2.3784;3.964e-05;0.00383350849479;0.000362376213075;0.000861875585178;0.00297163290961;1.07313232849e-05;0;0;0.000833465699484;0.00383400728581;0.0;0.0;1;0.94998114356;0;2
663.5177;2.3705;3.95083333333e-05;0.00383400728581;0.000362458635322;0.00085920819503;0.00297479909078;1.06937456224e-05;0;0;0.000830865989986;0.00383447966848;0.0;0.0;1;0.950008576608;0;2
665.8803;2.3626;3.93766666667e-05;0.00383447966848;0.00036253670114;0.000856529210113;0.00297795045837;1.06562007527e-05;0;0;0.000828256972447;0.00383492789673;0.0;0.0;1;0.949997462889;0;2
668.2351;2.3548;3.92466666667e-05;0.00383492789673;0.000362610781858;0.000853875869119;0.00298105202761;1.06191390636e-05;0;0;0.000825674473348;0.00383535402856;4.33680868994e-19;0.0;1;0.949988437029;0;2
670.5822;2.3471;3.91183333333e-05;0.00383535402856;0.000362681216607;0.000851249083498;0.00298410494506;1.05825597617e-05;0;0;0.00082311920694;0.00383575992557;4.33680868994e-19;0.0;1;0.949982315411;0;2
672.9217;2.3395;3.89916666667e-05;0.00383575992557;0.000362748312214;0.000848649676424;0.00298711024915;1.05464620713e-05;0;0;0.000820591818741;0.00383614727248;-4.33680868994e-19;0.0;1;0.949979903923;0;2
675.2537;2.332;3.88666666667e-05;0.00383614727248;0.000362812346403;0.000846078391813;0.00299006888067;1.05108452339e-05;0;0;0.000818092892588;0.00383651759469;0.0;0.0;1;0.949981998173;0;2
677.5783;2.3246;3.87433333333e-05;0.00383651759469;0.000362873570679;0.000843535902401;0.00299298169229;1.04757085072e-05;0;0;0.000815622956941;0.00383687227406;0.0;0.0;1;0.949989383717;0;2
679.8956;2.3173;3.86216666667e-05;0.00383687227406;0.000362932212915;0.000841022816987;0.00299584945707;1.04410511653e-05;0;0;0.000813182490527;0.0038372125631;4.33680868994e-19;0.0;1;0.95000283626;0;2
682.2056;2.31;3.85e-05;0.0038372125631;0.000362988479684;0.00083850338807;0.00299870917503;1.04064220785e-05;0;0;0.000810736830563;0.00383753958351;-4.33680868994e-19;0.0;1;0.949981997107;0;2
684.5085;2.3029;3.83816666667e-05;0.00383753958351;0.000363042556003;0.00083605070222;0.00300148888129;1.03727215385e-05;0;0;0.000808356554898;0.00383785438132;0.0;0.0;1;0.950009616867;0;2
686.8043;2.2958;3.82633333333e-05;0.00383785438132;0.00036309461444;0.000833592615832;0.00300426176549;1.03390480227e-05;0;0;0.00080597182832;0.00383815787912;0.0;0.0;1;0.950004195537;0;2
689.0931;2.2888;3.81466666667e-05;0.00383815787912;0.000363144807207;0.000831165834736;0.00300699204438;1.03058513555e-05;0;0;0.000803618068835;0.00383845092853;-4.33680868994e-19;0.0;1;0.950007471834;0;2
691.375;2.2819;3.80316666667e-05;0.00383845092853;0.000363193274827;0.000828770733827;0.0030096801947;1.02731308806e-05;0;0;0.00080129557331;0.0038387343038;0.0;0.0;1;0.950020178956;0;2
693.65;2.275;3.79166666667e-05;0.0038387343038;0.000363240145067;0.000826371330027;0.00301236297377;1.02404358982e-05;0;0;0.000798969492654;0.00383900869719;0.0;0.0;1;0.950001283029;0;2
695.9182;2.2682;3.78033333333e-05;0.00383900869719;0.000363285532172;0.000824004244073;0.00301500445312;1.02082160483e-05;0;0;0.000796675180628;0.00383927475103;4.33680868994e-19;0.0;1;0.949992884128;0;2
698.1797;2.2615;3.76916666667e-05;0.00383927475103;0.000363329542158;0.00082166975959;0.00301760499144;1.01764707107e-05;0;0;0.000794412863108;0.00383953305051;0.0;0.0;1;0.949995693295;0;2
700.4346;2.2549;3.75816666667e-05;0.00383953305051;0.000363372271618;0.000819368135271;0.00302016491524;1.01451992782e-05;0;0;0.000792182746547;0.00383978412917;0.0;0.0;1;0.950010413233;0;2
702.6829;2.2483;3.74716666667e-05;0.00383978412917;0.000363413808629;0.00081706326594;0.00302272086323;1.01139513758e-05;0;0;0.000789949884445;0.00384002846297;0.0;0.0;1;0.949995484527;0;2
704.9247;2.2418;3.73633333333e-05;0.00384002846297;0.000363454231758;0.000814791696754;0.00302523676621;1.00831764043e-05;0;0;0.000787749574157;0.0038402664973;0.0;0.0;1;0.949993480771;0;2
707.1601;2.2354;3.72566666667e-05;0.0038402664973;0.000363493614539;0.000812553625941;0.00302771287136;1.0052873789e-05;0;0;0.000785581975022;0.00384049863926;-4.33680868994e-19;0.0;1;0.950005084091;0;2
709.3891;2.229;3.715e-05;0.00384049863926;0.000363532024187;0.000810312881912;0.00303018575735;1.00225933879e-05;0;0;0.000783412087063;0.00384072525102;-4.33680868994e-19;0.0;1;0.949988349349;0;2
711.6118;2.2227;3.7045e-05;0.00384072525102;0.000363569520496;0.000808105973207;0.00303261927781;9.99278442577e-06;0;0;0.000781275180812;0.0038409466742;0.0;0.0;1;0.949986201004;0;2
713.8283;2.2165;3.69416666667e-05;0.0038409466742;0.000363606159876;0.000805933053364;0.00303501362083;9.96344635759e-06;0;0;0.000779171380719;0.00384116322186;4.33680868994e-19;0.0;1;0.949999301587;0;2
716.0386;2.2103;3.68383333333e-05;0.00384116322186;0.000363641994021;0.000803757899384;0.00303740532248;9.9341292674e-06;0;0;0.000777065645004;0.00384137517155;0.0;0.0;1;0.949985326228;0;2
718.2428;2.2042;3.67366666667e-05;0.00384137517155;0.000363677068759;0.000801616994959;0.00303975817659;9.90528220663e-06;0;0;0.000774993226439;0.00384158278749;0.0;0.0;1;0.949987545762;0;2
720.441;2.1982;3.66366666667e-05;0.00384158278749;0.000363711427726;0.000799510460428;0.00304207232706;9.8769046583e-06;0;0;0.000772954223481;0.00384178631255;0.0;0.0;1;0.950006603759;0;2
722.6332;2.1922;3.65366666667e-05;0.00384178631255;0.00036374511103;0.000797402032401;0.00304438428015;9.84854692498e-06;0;0;0.000770913561143;0.00384198596103;0.0;0.0;1;0.949999800942;0;2
724.8195;2.1863;3.64383333333e-05;0.00384198596103;0.000363778154059;0.00079532817822;0.00304665778281;9.82065788829e-06;0;0;0.000768906480961;0.00384218193922;0.0;0.0;1;0.950010749496;0;2
726.9999;2.1804;3.634e-05;0.00384218193922;0.000363810590881;0.000793252612357;0.00304892932686;9.7927879917e-06;0;0;0.000766897889559;0.00384237442843;0.0;0.0;1;0.949996503783;0;2
729.1745;2.1746;3.62433333333e-05;0.00384237442843;0.000363842451439;0.000791211794899;0.00305116263353;9.76538600432e-06;0;0;0.00076492302379;0.00384256360465;-4.33680868994e-19;0.0;1;0.950000900918;0;2
731.3433;2.1688;3.61466666667e-05;0.00384256360465;0.000363873764798;0.000789169421094;0.00305339418356;9.73800250772e-06;0;0;0.000762946774174;0.00384274962189;0.0;0.0;1;0.949980749442;0;2
733.5064;2.1631;3.60516666667e-05;0.00384274962189;0.000363904556392;0.000787161945931;0.00305558767596;9.71108616003e-06;0;0;0.000761004374533;0.003842932631;0.0;0.0;1;0.949980106952;0;2
735.6639;2.1575;3.59583333333e-05;0.003842932631;0.000363934851135;0.000785189441325;0.00305774318967;9.68463650008e-06;0;0;0.000759095885217;0.00384311277172;0.0;0.0;1;0.949999567229;0;2
737.8158;2.1519;3.5865e-05;0.00384311277172;0.00036396467211;0.000783215577913;0.00305989719381;9.65820431306e-06;0;0;0.000757186175893;0.00384329016539;0.0;0.0;1;0.949995565093;0;2
739.9622;2.1464;3.57733333333e-05;0.00384329016539;0.000363994039351;0.000781276806062;0.00306201335933;9.63223809473e-06;0;0;0.000755310478125;0.00384346493269;-4.33680868994e-19;0.0;1;0.950012473343;0;2
742.1031;2.1409;3.56816666667e-05;0.00384346493269;0.000364022972792;0.000779336782451;0.00306412815024;9.60628876177e-06;0;0;0.000753433649612;0.00384363717775;4.33680868994e-19;0.0;1;0.950006470981;0;2
744.2386;2.1355;3.55916666667e-05;0.00384363717775;0.000364051489631;0.000777431956106;0.00306620522165;9.58080470244e-06;0;0;0.000751590921758;0.00384380700537;0.0;0.0;1;0.950022126005;0;2
746.3687;2.1301;3.55016666667e-05;0.00384380700537;0.000364079607173;0.000775525971239;0.00306828103413;9.55533696247e-06;0;0;0.000749747141475;0.00384397450531;0.0;0.0;1;0.950015348571;0;2
748.4934;2.1247;3.54116666667e-05;0.00384397450531;0.000364107340243;0.000773618865814;0.0030703556395;9.5298853531e-06;0;0;0.000747902340397;0.00384413976121;-4.33680868994e-19;0.0;1;0.949986169505;0;2
750.6128;2.1194;3.53233333333e-05;0.00384413976121;0.000364134702651;0.000771747088799;0.00307239267241;9.50489810255e-06;0;0;0.000746091751175;0.00384430285882;0.0;0.0;1;0.949979409149;0;2
752.727;2.1142;3.52366666667e-05;0.00384430285882;0.000364161708561;0.00076991068424;0.00307439217458;9.48037480191e-06;0;0;0.000744315411967;0.00384446387841;0.0;0.0;1;0.949995466656;0;2
754.836;2.109;3.515e-05;0.00384446387841;0.000364188371231;0.000768073274927;0.00307639060348;9.45586674797e-06;0;0;0.000742538150907;0.00384462288764;0.0;0.0;1;0.949989640191;0;2
756.9399;2.1039;3.5065e-05;0.00384462288764;0.000364214701833;0.000766271311186;0.00307835157645;9.43182201468e-06;0;0;0.000740795202933;0.00384477995737;0.0;0.0;1;0.950006919717;0;2
759.0387;2.0988;3.498e-05;0.00384477995737;0.000364240712069;0.000764468406491;0.00308031155088;9.40779202099e-06;0;0;0.000739051387902;0.00384493514676;0.0;0.0;1;0.950002239377;0;2
761.1325;2.0938;3.48966666667e-05;0.00384493514676;0.000364266411708;0.000762701012834;0.00308223413393;9.38422473874e-06;0;0;0.000737341942861;0.00384508851872;-4.33680868994e-19;0.0;1;0.950020641452;0;2
763.2213;2.0888;3.48133333333e-05;0.00384508851872;0.000364291811138;0.000760932735105;0.00308415578361;9.36067170688e-06;0;0;0.000735631679983;0.00384524012522;0.0;0.0;1;0.950016644938;0;2
765.3051;2.0838;3.473e-05;0.00384524012522;0.000364316918943;0.000759163595693;0.00308607652953;9.33713276861e-06;0;0;0.000733920618435;0.00384539001519;0.0;0.0;1;0.949989697138;0;2
767.384;2.0789;3.46483333333e-05;0.00384539001519;0.000364341743198;0.000757430049934;0.00308795996526;9.31405574374e-06;0;0;0.000732243999065;0.00384553824191;4.33680868994e-19;0.0;1;0.94998481146;0;2
769.4581;2.0741;3.45683333333e-05;0.00384553824191;0.000364366292702;0.000755732127694;0.00308980611422;9.29144026738e-06;0;0;0.000730601848525;0.00384568485581;0.0;0.0;1;0.950001587509;0;2
771.5274;2.0693;3.44883333333e-05;0.00384568485581;0.000364390575785;0.000754033418473;0.00309165143734;9.26883811237e-06;0;0;0.000728958965058;0.00384582989762;4.33680868994e-19;0.0;1;0.94999355458;0;2
773.592;2.0646;3.441e-05;0.00384582989762;0.000364414599171;0.000752370381448;0.00309345951617;9.2466969518e-06;0;0;0.000727350593651;0.00384597341287;0.0;0.0;1;0.950005573793;0;2
775.6519;2.0599;3.43316666667e-05;0.00384597341287;0.000364438370378;0.000750706599142;0.00309526681373;9.2245686725e-06;0;0;0.000725741526171;0.00384611543789;-4.33680868994e-19;0.0;1;0.949990621436;0;2
777.7072;2.0553;3.4255e-05;0.00384611543789;0.000364461895405;0.000749078533625;0.00309703690427;9.2029008504e-06;0;0;0.000724167010613;0.00384625601403;0.0;0.0;1;0.949993421024;0;2
779.758;2.0508;3.418e-05;0.00384625601403;0.000364485181078;0.000747486209354;0.00309876980468;9.18169314572e-06;0;0;0.000722627069143;0.00384639518067;0.0;0.0;1;0.95001271592;0;2
781.8043;2.0463;3.4105e-05;0.00384639518067;0.000364508233902;0.000745893199035;0.00310050198164;9.16049761389e-06;0;0;0.000721086484591;0.00384653296862;-4.33680868994e-19;0.0;1;0.95000065455;0;2
783.8462;2.0419;3.40316666667e-05;0.00384653296862;0.000364531058962;0.000744335969294;0.00310219699932;9.13976168837e-06;0;0;0.000719580509606;0.00384666941391;4.33680868994e-19;0.0;1;0.950001778759;0;2
785.8838;2.0376;3.396e-05;0.00384666941391;0.000364553662208;0.000742814542116;0.00310385487179;9.11948504366e-06;0;0;0.000718109164272;0.00384680455102;0.0;0.0;1;0.950014373818;0;2
787.9171;2.0333;3.38883333333e-05;0.00384680455102;0.000364576049336;0.000741292481115;0.0031055120699;9.09921989961e-06;0;0;0.000716637222989;0.00384693840633;0.0;0.0;1;0.949989888894;0;2
789.9463;2.0292;3.382e-05;0.00384693840633;0.000364598224697;0.000739842717555;0.00310709568877;9.07986096011e-06;0;0;0.000715235190385;0.0038470710182;0.0;0.0;1;0.950019660239;0;2
791.9714;2.0251;3.37516666667e-05;0.0038470710182;0.000364620194631;0.000738392356147;0.00310867866205;9.06051299368e-06;0;0;0.000713832594727;0.00384720241045;0.0;0.0;1;0.950008282111;0;2
793.9925;2.0211;3.3685e-05;0.00384720241045;0.000364641963068;0.000736977871557;0.00311022453889;9.04162320306e-06;0;0;0.000712464696699;0.00384733261239;0.0;0.0;1;0.950000402889;0;2
796.0097;2.0172;3.362e-05;0.00384733261239;0.000364663534849;0.000735599282497;0.00311173332989;9.0231912859e-06;0;0;0.000711131513586;0.00384746165219;0.0;0.0;1;0.949994068023;0;2
798.0231;2.0134;3.35566666667e-05;0.00384746165219;0.000364684914626;0.000734256607108;0.00311320504508;9.00521694452e-06;0;0;0.000709833062181;0.00384758955699;-4.33680868994e-19;0.0;1;0.949987383227;0;2
800.0328;2.0097;3.3495e-05;0.00384758955699;0.000364706106881;0.000732949862998;0.00311463969399;8.98769988585e-06;0;0;0.000708569358808;0.00384771635291;0.0;0.0;1;0.949978552744;0;2
802.039;2.0062;3.34366666667e-05;0.00384771635291;0.000364727115929;0.000731715539977;0.00311600081294;8.97108694171e-06;0;0;0.000707375678832;0.00384784207149;-4.33680868994e-19;0.0;1;0.950013269648;0;2
804.0417;2.0027;3.33783333333e-05;0.00384784207149;0.000364747946981;0.00073048071342;0.00311736135807;8.95448349243e-06;0;0;0.000706181522756;0.00384796673067;0.0;0.0;1;0.949995497337;0;2
806.0411;1.9994;3.33233333333e-05;0.00384796673067;0.000364768602998;0.000729318344834;0.00311864838584;8.93878350022e-06;0;0;0.000705057424525;0.00384809036019;0.0;0.0;1;0.950018639226;0;2
808.0372;1.9961;3.32683333333e-05;0.00384809036019;0.000364789088895;0.000728155500344;0.00311993485985;8.92309254349e-06;0;0;0.000703932875858;0.0038482129765;0.0;0.0;1;0.949986745523;0;2
810.0302;1.993;3.32166666667e-05;0.0038482129765;0.000364809407384;0.000727065148917;0.00312114782758;8.90830440419e-06;0;0;0.000702878417904;0.00384833460775;0.0;0.0;1;0.949994004084;0;2
812.0202;1.99;3.31666666667e-05;0.00384833460775;0.000364829563121;0.00072601083061;0.00312232377714;8.893971743e-06;0;0;0.000701858803088;0.00384845527515;0.0;0.0;1;0.949992384574;0;2
814.0073;1.9871;3.31183333333e-05;0.00384845527515;0.000364849559607;0.000724992559894;0.00312346271526;8.88009429774e-06;0;0;0.000700874044969;0.00384857499926;0.0;0.0;1;0.949981552658;0;2
815.9917;1.9844;3.30733333333e-05;0.00384857499926;0.000364869400238;0.000724046837832;0.00312452816143;8.86711860554e-06;0;0;0.000699959429898;0.00384869380605;-4.33680868994e-19;0.0;1;0.95000930927;0;2
817.9734;1.9817;3.30283333333e-05;0.00384869380605;0.000364889089308;0.000723100708283;0.00312559309777;8.85415072974e-06;0;0;0.000699044428404;0.00384881170878;0.0;0.0;1;0.949980218353;0;2
819.9526;1.9792;3.29866666667e-05;0.00384881170878;0.000364908629003;0.000722227158523;0.00312658455026;8.84208401145e-06;0;0;0.000698199599286;0.0038489287322;0.0;0.0;1;0.949990449489;0;2
821.9294;1.9768;3.29466666667e-05;0.0038489287322;0.000364928023415;0.000721389716687;0.00312753901551;8.83047136321e-06;0;0;0.000697389683662;0.00384904489447;-4.33680868994e-19;0.0;1;0.949992846519;0;2
823.9039;1.9745;3.29083333333e-05;0.00384904489447;0.000364947275546;0.000720588395565;0.00312845649891;8.81931254219e-06;0;0;0.000696614693582;0.00384916021328;4.33680868994e-19;0.0;1;0.94998827926;0;2
825.8762;1.9723;3.28716666667e-05;0.00384916021328;0.000364966388314;0.000719823207672;0.00312933700561;8.80860730887e-06;0;0;0.000695874640845;0.00384927470581;0.0;0.0;1;0.949977816724;0;2
827.8465;1.9703;3.28383333333e-05;0.00384927470581;0.00036498536456;0.000719130663793;0.00313014404202;8.79880195437e-06;0;0;0.000695204821224;0.00384938839462;-4.33680868994e-19;0.0;1;0.950010922503;0;2
829.8148;1.9683;3.2805e-05;0.00384938839462;0.000365004208014;0.000718437782633;0.00313095061199;8.78900310275e-06;0;0;0.000694534681248;0.00384950129014;0.0;0.0;1;0.949992662246;0;2
831.7813;1.9665;3.2775e-05;0.00384950129014;0.000365022920393;0.000717817572953;0.00313168371718;8.78010357987e-06;0;0;0.00069393480039;0.00384961341399;4.33680868994e-19;0.0;1;0.950020994842;0;2
833.746;1.9647;3.2745e-05;0.00384961341399;0.000365041505277;0.000717197045418;0.00313241636857;8.77121019157e-06;0;0;0.0006933346175;0.00384972477588;0.0;0.0;1;0.950001032026;0;2
835.709;1.963;3.27166666667e-05;0.00384972477588;0.000365059964264;0.00071661270985;0.00313311206603;8.76276924117e-06;0;0;0.000692769427472;0.00384983539093;0.0;0.0;1;0.949982724337;0;2
837.6705;1.9615;3.26916666667e-05;0.00384983539093;0.000365078299852;0.000716101085159;0.00313373430577;8.75522681781e-06;0;0;0.00069227453392;0.00384994527954;0.0;0.0;1;0.950016305541;0;2
839.6305;1.96;3.26666666667e-05;0.00384994527954;0.000365096515415;0.000715589170213;0.00313435610933;8.74768999608e-06;0;0;0.000691779364417;0.00385005445041;0.0;0.0;1;0.950006829886;0;2
841.5891;1.9586;3.26433333333e-05;0.00385005445041;0.000365114612389;0.000715113479825;0.00313494097059;8.74060495679e-06;0;0;0.000691319218666;0.00385016291763;4.33680868994e-19;0.0;1;0.950004527122;0;2
843.5464;1.9573;3.26216666667e-05;0.00385016291763;0.000365132593099;0.000714674024474;0.00313548889316;8.7339714866e-06;0;0;0.000690894106612;0.00385027069495;-4.33680868994e-19;0.0;1;0.950011285319;0;2
845.5024;1.956;3.26e-05;0.00385027069495;0.00036515045982;0.000714234299408;0.00313603639554;8.72734323377e-06;0;0;0.000690468737991;0.0038503777903;0.0;0.0;1;0.949980422019;0;2
847.4573;1.9549;3.25816666667e-05;0.0038503777903;0.000365168213858;0.000713867341272;0.00313651044903;8.72161235591e-06;0;0;0.000690113719071;0.00385048422241;-4.33680868994e-19;0.0;1;0.950010883428;0;2
849.4111;1.9538;3.25633333333e-05;0.00385048422241;0.000365185858312;0.00071350012997;0.00313698409244;8.71588636438e-06;0;0;0.000689758459278;0.00385058999868;-4.33680868994e-19;0.0;1;0.950007382901;0;2
851.3639;1.9528;3.25466666667e-05;0.00385058999868;0.000365203394403;0.000713169188589;0.00313742081009;8.71061123781e-06;0;0;0.000689438266279;0.0038506951318;0.0;0.0;1;0.950020271556;0;2
853.3157;1.9518;3.253e-05;0.0038506951318;0.000365220824224;0.000712838004721;0.00313785712708;8.70534079941e-06;0;0;0.000689117842492;0.00385079962877;0.0;0.0;1;0.950002644681;0;2
855.2666;1.9509;3.2515e-05;0.00385079962877;0.000365238148933;0.000712543104753;0.00313825652402;8.7005209474e-06;0;0;0.000688832498762;0.00385090350183;0.0;0.0;1;0.950004823866;0;2
857.2166;1.95;3.25e-05;0.00385090350183;0.000365255370551;0.000712247972575;0.00313865552926;8.69570559047e-06;0;0;0.000688546933961;0.00385100675763;0.0;0.0;1;0.949979759166;0;2
859.1658;1.9492;3.24866666667e-05;0.00385100675763;0.000365272490174;0.000711989137848;0.00313901761978;8.69134054708e-06;0;0;0.000688296462083;0.00385110940799;0.0;0.0;1;0.949977712736;0;2
861.1143;1.9485;3.2475e-05;0.00385110940799;0.000365289509757;0.000711766609761;0.00313934279822;8.68742562187e-06;0;0;0.000688081091882;0.00385121146448;0.0;0.0;1;0.95000023206;0;2
863.0621;1.9478;3.24633333333e-05;0.00385121146448;0.000365306431214;0.000711543866718;0.00313966759777;8.68351485071e-06;0;0;0.000687865516982;0.00385131293323;0.0;0.0;1;0.950000024407;0;2
865.0092;1.9471;3.24516666667e-05;0.00385131293323;0.000365323255551;0.000711320910883;0.00313999202235;8.67960820342e-06;0;0;0.000687649739405;0.00385141382022;0.0;0.0;1;0.949978436223;0;2
866.9557;1.9465;3.24416666667e-05;0.00385141382022;0.000365339983756;0.000711134278381;0.00314027954183;8.67615134088e-06;0;0;0.000687469079358;0.00385151413652;0.0;0.0;1;0.949985560719;0;2
868.9017;1.946;3.24333333333e-05;0.00385151413652;0.00036535661766;0.000710983977967;0.00314053015855;8.67314407407e-06;0;0;0.000687323545191;0.003851613893;0.0;0.0;1;0.950022685285;0;2
870.8471;1.9454;3.24233333333e-05;0.003851613893;0.00036537315906;0.000710796943635;0.00314081694937;8.66969499352e-06;0;0;0.000687142502336;0.00385171309004;0.0;0.0;1;0.949993363757;0;2
872.792;1.9449;3.2415e-05;0.00385171309004;0.000365389608012;0.000710646248622;0.00314106684142;8.66669537392e-06;0;0;0.000686996592209;0.00385181173825;0.0;0.0;1;0.94999633848;0;2
874.7364;1.9444;3.24066666667e-05;0.00385181173825;0.000365405966271;0.000710495360817;0.00314131637744;8.6636994978e-06;0;0;0.000686850498363;0.00385190984297;4.33680868994e-19;0.0;1;0.949983849842;0;2
876.6804;1.944;3.24e-05;0.00385190984297;0.000365422234715;0.000710380824287;0.00314152901868;8.6611528321e-06;0;0;0.000686739548636;0.00385200741449;0.0;0.0;1;0.950005755985;0;2
878.624;1.9436;3.23933333333e-05;0.00385200741449;0.000365438415049;0.000710266103488;0.003141741311;8.65860974037e-06;0;0;0.000686628423293;0.00385210445788;0.0;0.0;1;0.950014155003;0;2
880.5672;1.9432;3.23866666667e-05;0.00385210445788;0.000365454508108;0.000710151200155;0.00314195325773;8.65607019776e-06;0;0;0.000686517123959;0.00385220097816;0.0;0.0;1;0.950009925552;0;2
882.51;1.9428;3.238e-05;0.00385220097816;0.000365470514716;0.00071003611599;0.00314216486217;8.65353417968e-06;0;0;0.000686405652236;0.00385229698022;0.0;0.0;1;0.949993895778;0;2
884.4525;1.9425;3.2375e-05;0.00385229698022;0.000365486435684;0.000709957401316;0.00314233957891;8.6514470001e-06;0;0;0.000686329341971;0.00385239247388;0.0;0.0;1;0.950015752046;0;2
886.3946;1.9421;3.23683333333e-05;0.00385239247388;0.000365502272632;0.000709841963678;0.0031425505102;8.64891788143e-06;0;0;0.00068621753323;0.00385248745888;0.0;0.0;1;0.949978429766;0;2
888.3364;1.9418;3.23633333333e-05;0.00385248745888;0.000365518025514;0.000709762901944;0.00314272455694;8.64683747723e-06;0;0;0.00068614089204;0.00385258194484;4.33680868994e-19;0.0;1;0.949980428854;0;2
890.278;1.9416;3.236e-05;0.00385258194484;0.00036553369592;0.000709720223997;0.00314286172084;8.64520561166e-06;0;0;0.000686099425938;0.00385267594116;0.0;0.0;1;0.950022423815;0;2
892.2193;1.9413;3.2355e-05;0.00385267594116;0.000365549285407;0.00070964082776;0.0031430351134;8.64313173877e-06;0;0;0.000686022465757;0.00385276944742;0.0;0.0;1;0.950007171035;0;2
894.1603;1.941;3.235e-05;0.00385276944742;0.000365564793897;0.000709561264953;0.00314320818247;8.64106113637e-06;0;0;0.000685945346696;0.00385286246803;0.0;0.0;1;0.949984149998;0;2
896.1011;1.9408;3.23466666667e-05;0.00385286246803;0.000365580222118;0.000709518095087;0.00314334437294;8.6394388931e-06;0;0;0.000685903411427;0.00385295501214;0.0;0.0;1;0.950002837985;0;2
898.0417;1.9406;3.23433333333e-05;0.00385295501214;0.000365595571586;0.00070947476622;0.00314348024592;8.6378197641e-06;0;0;0.000685861324491;0.00385304708398;-4.33680868994e-19;0.0;1;0.950014796927;0;2
899.9821;1.9404;3.234e-05;0.00385304708398;0.000365610842996;0.000709431279749;0.00314361580424;8.63620372861e-06;0;0;0.000685819087206;0.00385313868771;4.33680868994e-19;0.0;1;0.950020486494;0;2
901.9223;1.9402;3.23366666667e-05;0.00385313868771;0.000365626037033;0.000709387637052;0.00314375105066;8.63459076608e-06;0;0;0.000685776700869;0.00385322982743;-4.33680868994e-19;0.0;1;0.950020336057;0;2
903.8623;1.94;3.23333333333e-05;0.00385322982743;0.000365641154375;0.000709343839488;0.00314388598794;8.63298085615e-06;0;0;0.000685734166764;0.00385332050718;0.0;0.0;1;0.950014746442;0;2
905.8021;1.9398;3.233e-05;0.00385332050718;0.000365656195688;0.000709299888396;0.00314402061879;8.63137397864e-06;0;0;0.000685691486155;0.00385341073096;-4.33680868994e-19;0.0;1;0.950004091623;0;2
907.7417;1.9396;3.23266666667e-05;0.00385341073096;0.00036567116163;0.000709255785098;0.00314415494587;8.62977011356e-06;0;0;0.000685648660289;0.00385350050271;4.33680868994e-19;0.0;1;0.94998872035;0;2
909.6812;1.9395;3.2325e-05;0.00385350050271;0.00036568605285;0.000709248099503;0.0031442524032;8.6286140931e-06;0;0;0.000685641041831;0.00385358983094;-4.33680868994e-19;0.0;1;0.950017940316;0;2
911.6205;1.9393;3.23216666667e-05;0.00385358983094;0.00036570087076;0.000709203698664;0.00314438613228;8.62701612082e-06;0;0;0.000685597931988;0.00385367871481;-4.33680868994e-19;0.0;1;0.949994096799;0;2
913.5597;1.9392;3.232e-05;0.00385367871481;0.000365715615212;0.000709195721019;0.00314448299379;8.62586588192e-06;0;0;0.000685590034786;0.0038537671627;4.33680868994e-19;0.0;1;0.950015436332;0;2
915.4987;1.939;3.23166666667e-05;0.0038537671627;0.000365730287593;0.000709151027644;0.00314461613505;8.6242737261e-06;0;0;0.000685546645696;0.00385385517369;0.0;0.0;1;0.949984248339;0;2
917.4376;1.9389;3.2315e-05;0.00385385517369;0.00036574488775;0.000709142762859;0.00314471241083;8.62312919368e-06;0;0;0.000685538474393;0.00385394275603;0.0;0.0;1;0.94999875674;0;2
919.3764;1.9388;3.23133333333e-05;0.00385394275603;0.000365759417045;0.000709134357768;0.00314480839826;8.6219874509e-06;0;0;0.000685530169145;0.00385402991329;0.0;0.0;1;0.950010201599;0;2
921.3151;1.9387;3.23116666667e-05;0.00385402991329;0.000365773876068;0.000709125813533;0.00314490409976;8.62084847983e-06;0;0;0.000685521731054;0.003854116649;-4.33680868994e-19;0.0;1;0.950018793638;0;2
923.2536;1.9385;3.23083333333e-05;0.003854116649;0.0003657882654;0.000709080552477;0.00314503609652;8.6192676624e-06;0;0;0.000685477799958;0.00385420296215;-4.33680868994e-19;0.0;1;0.949975723134;0;2
925.192;1.9384;3.23066666667e-05;0.00385420296215;0.00036580258487;0.000709071730512;0.00314513123164;8.61813425253e-06;0;0;0.000685469096664;0.00385428886072;-4.33680868994e-19;0.0;1;0.949979178338;0;2
927.1303;1.9383;3.2305e-05;0.00385428886072;0.000365816835799;0.000709062772828;0.00314522608789;8.61700356119e-06;0;0;0.000685460263768;0.0038543743481;0.0;0.0;1;0.949980328737;0;2
929.0685;1.9382;3.23033333333e-05;0.0038543743481;0.000365831018745;0.000709053680532;0.00314532066756;8.61587557109e-06;0;0;0.000685451302314;0.00385445942764;0.0;0.0;1;0.949979331776;0;2
931.0066;1.9381;3.23016666667e-05;0.00385445942764;0.000365845134263;0.000709044454715;0.00314541497293;8.61475026511e-06;0;0;0.00068544221334;0.00385454410267;-4.33680868994e-19;0.0;1;0.949976333771;0;2
932.9447;1.9381;3.23016666667e-05;0.00385454410267;0.000365859182898;0.000709071682376;0.00314547242029;8.61407205098e-06;0;0;0.000685468365926;0.00385462838083;0.0;0.0;1;0.950020488809;0;1
934.8827;1.938;3.23e-05;0.00385462838083;0.000365873165919;0.000709062195551;0.00314556618528;8.61295199295e-06;0;0;0.00068545902766;0.00385471226095;0.0;0.0;1;0.950013891306;0;2
936.8206;1.9379;3.22983333333e-05;0.00385471226095;0.000365887083124;0.000709052578387;0.00314565968256;8.61183456895e-06;0;0;0.000685449564884;0.00385479574621;0.0;0.0;1;0.950005672088;0;2
938.7584;1.9378;3.22966666667e-05;0.00385479574621;0.000365900935041;0.000709042831923;0.00314575291429;8.61071976247e-06;0;0;0.000685439978585;0.00385487883978;0.0;0.0;1;0.949995940152;0;2
940.6961;1.9377;3.2295e-05;0.00385487883978;0.000365914722191;0.000709032957189;0.00314584588259;8.60960755711e-06;0;0;0.000685430269738;0.00385496154477;0.0;0.0;1;0.949984796725;0;2
942.6338;1.9377;3.2295e-05;0.00385496154477;0.000365928445088;0.000709059548046;0.00314590199672;8.608942189e-06;0;0;0.00068545581402;0.00385504386855;0.0;0.0;1;0.950021364108;0;1
944.5714;1.9376;3.22933333333e-05;0.00385504386855;0.000365942104951;0.000709049422553;0.003145994446;8.60783506907e-06;0;0;0.000685445865593;0.00385512580986;0.0;0.0;1;0.950007676647;0;2
946.5089;1.9375;3.22916666667e-05;0.00385512580986;0.000365955701566;0.000709039171785;0.00314608663807;8.60673050235e-06;0;0;0.000685435797458;0.0038552073717;4.33680868994e-19;0.0;1;0.949992839861;0;2
948.4463;1.9374;3.229e-05;0.0038552073717;0.000365969235431;0.000709028796725;0.00314617857497;8.60562847299e-06;0;0;0.000685425610546;0.00385528855704;0.0;0.0;1;0.949976929021;0;2
950.3837;1.9374;3.229e-05;0.00385528855704;0.000365982707037;0.000709054896613;0.00314623366043;8.60497308213e-06;0;0;0.000685450685705;0.00385536937305;0.0;0.0;1;0.950009049271;0;1
952.321;1.9373;3.22883333333e-05;0.00385536937305;0.000365996117566;0.00070904427856;0.00314632509449;8.60387601338e-06;0;0;0.000685440266578;0.00385544981839;0.0;0.0;1;0.949991198211;0;2
954.2583;1.9373;3.22883333333e-05;0.00385544981839;0.000366009466795;0.000709070140022;0.00314637967837;8.60322548548e-06;0;0;0.000685465113885;0.0038555299001;0.0;0.0;1;0.950021506409;0;1
956.1955;1.9372;3.22866666667e-05;0.0038555299001;0.00036602275589;0.000709059282711;0.00314647061739;8.60213331688e-06;0;0;0.000685454466085;0.00385560961683;0.0;0.0;1;0.950001956003;0;2
958.1326;1.9371;3.2285e-05;0.00385560961683;0.000366035984623;0.000709048305814;0.00314656131101;8.6010436093e-06;0;0;0.000685443703975;0.00385568897138;0.0;0.0;1;0.949981634199;0;2
960.0697;1.9371;3.2285e-05;0.00385568897138;0.000366049153458;0.000709073815164;0.00314661515622;8.60040029783e-06;0;0;0.000685468214734;0.00385576797065;0.0;0.0;1;0.95000963212;0;1
962.0067;1.937;3.22833333333e-05;0.00385576797065;0.000366062263536;0.000709062604469;0.00314670536618;8.5993154013e-06;0;0;0.000685457229133;0.00385584661325;-4.33680868994e-19;0.0;1;0.949987911626;0;2
963.9437;1.937;3.22833333333e-05;0.00385584661325;0.000366075314622;0.000709087884423;0.00314675872882;8.59867680575e-06;0;0;0.000685481520611;0.00385592490596;0.0;0.0;1;0.950014599942;0;1
965.8806;1.9369;3.22816666667e-05;0.00385592490596;0.000366088307842;0.000709076443459;0.0031468484625;8.59759666237e-06;0;0;0.000685470314869;0.00385600284738;0.0;0.0;1;0.949991647069;0;2
967.8175;1.9369;3.22816666667e-05;0.00385600284738;0.000366101242957;0.000709101497483;0.00314690134989;8.59696272581e-06;0;0;0.000685494390356;0.00385608044419;0.0;0.0;1;0.950017180111;0;1
969.7543;1.9368;3.228e-05;0.00385608044419;0.000366114121076;0.0007090898297;0.00314699061449;8.59588727865e-06;0;0;0.00068548296775;0.00385615769496;0.0;0.0;1;0.949993138329;0;2
971.6911;1.9368;3.228e-05;0.00385615769496;0.000366126941958;0.000709114661185;0.00314704303378;8.5952579451e-06;0;0;0.000685506830465;0.0038562346063;0.0;0.0;1;0.950017649257;0;1
973.6278;1.9367;3.22783333333e-05;0.0038562346063;0.000366139706697;0.00070910276996;0.00314713183634;8.59418713817e-06;0;0;0.000685495194201;0.00385631117673;0.0;0.0;1;0.949992642384;0;2
975.5645;1.9367;3.22783333333e-05;0.00385631117673;0.000366152415047;0.000709127382221;0.00314718379451;8.59356235258e-06;0;0;0.000685518847295;0.00385638741279;-4.33680868994e-19;0.0;1;0.95001624614;0;1
977.5011;1.9366;3.22766666667e-05;0.00385638741279;0.000366165068087;0.000709115270857;0.00314727214193;8.59249613084e-06;0;0;0.000685507000512;0.00385646331298;0.0;0.0;1;0.949990381084;0;2
979.4377;1.9366;3.22766666667e-05;0.00385646331298;0.000366177665569;0.000709139667141;0.00314732364584;8.59187583909e-06;0;0;0.000685530447067;0.00385653888373;0.0;0.0;1;0.950013176941;0;1
981.3742;1.9365;3.2275e-05;0.00385653888373;0.000366190208557;0.000709127338871;0.00314741154486;8.5908141484e-06;0;0;0.000685518392836;0.00385661412355;0.0;0.0;1;0.949986546069;0;2
983.3107;1.9365;3.2275e-05;0.00385661412355;0.0003662026968;0.000709151522354;0.00314746260119;8.59019829724e-06;0;0;0.000685541635872;0.00385668903877;-4.33680868994e-19;0.0;1;0.950008619821;0;1
985.2471;1.9364;3.22733333333e-05;0.00385668903877;0.000366215131348;0.000709138980343;0.00314755005842;8.58914108436e-06;0;0;0.0006855293772;0.00385676362787;4.33680868994e-19;0.0;1;0.949981302991;0;2
987.1835;1.9364;3.22733333333e-05;0.00385676362787;0.000366227511947;0.000709162954134;0.00314760067374;8.58852962146e-06;0;0;0.00068555241967;0.00385683789712;0.0;0.0;1;0.950002728845;0;1
989.1199;1.9364;3.22733333333e-05;0.00385683789712;0.000366239839632;0.000709186825463;0.00314765107166;8.5879203019e-06;0;0;0.000685575364138;0.00385691184883;0.0;0.0;1;0.950023856503;0;1
991.0562;1.9363;3.22716666667e-05;0.00385691184883;0.000366252114786;0.00070917396986;0.00314773787897;8.58686967656e-06;0;0;0.000685562805491;0.00385698548145;0.0;0.0;1;0.949995638436;0;2
992.9925;1.9363;3.22716666667e-05;0.00385698548145;0.00036626433715;0.000709197636024;0.00314778784542;8.58626466865e-06;0;0;0.000685585553696;0.00385705880112;0.0;0.0;1;0.950016211218;0;1
994.9287;1.9362;3.227e-05;0.00385705880112;0.000366276507741;0.000709184574288;0.00314787422683;8.58521839212e-06;0;0;0.000685572797841;0.00385713180628;0.0;0.0;1;0.949987462981;0;2
996.8649;1.9362;3.227e-05;0.00385713180628;0.000366288626297;0.000709208038236;0.00314792376804;8.58461764562e-06;0;0;0.000685595352588;0.00385720450299;0.0;0.0;1;0.950007532738;0;1
998.801;1.9361;3.22683333333e-05;0.00385720450299;0.000366300693821;0.000709194773307;0.00314800972968;8.58357566763e-06;0;0;0.000685582402322;0.00385727688967;0.0;0.0;1;0.949978302689;0;2
1000.7371;1.9361;3.22683333333e-05;0.00385727688967;0.000366312710051;0.000709218037929;0.00314805885174;8.58297913311e-06;0;0;0.000685604766358;0.0038573489723;4.33680868994e-19;0.0;1;0.949997914435;0;1
1002.6732;1.9361;3.22683333333e-05;0.0038573489723;0.000366324675975;0.000709241205156;0.00314810776714;8.58238465564e-06;0;0;0.000685627037209;0.00385742075303;4.33680868994e-19;0.0;1;0.950017313194;0;1
1004.6092;1.936;3.22666666667e-05;0.00385742075303;0.00036633659195;0.000709227642016;0.00314819311101;8.58134900248e-06;0;0;0.000685613801592;0.00385749223027;0.0;0.0;1;0.949987438454;0;2
1006.5452;1.936;3.22666666667e-05;0.00385749223027;0.000366348457709;0.000709250614125;0.00314824161614;8.58075866465e-06;0;0;0.000685635885736;0.00385756340988;0.0;0.0;1;0.95000643593;0;1
1008.4811;1.9359;3.2265e-05;0.00385756340988;0.000366360274223;0.000709236854868;0.00314832655501;8.57972718818e-06;0;0;0.000685622462437;0.00385763429026;4.33680868994e-19;0.0;1;0.949976174389;0;2
1010.417;1.9359;3.2265e-05;0.00385763429026;0.000366372041223;0.000709259634604;0.00314837465566;8.57914094253e-06;0;0;0.000685644362484;0.0038577048772;0.0;0.0;1;0.949994802403;0;1
1012.3529;1.9359;3.2265e-05;0.0038577048772;0.000366383759669;0.000709282320343;0.00314842255686;8.57855669527e-06;0;0;0.000685666172578;0.00385777517274;0.0;0.0;1;0.950013257293;0;1
1014.2887;1.9358;3.22633333333e-05;0.00385777517274;0.000366395429898;0.000709268273196;0.00314850689954;8.57753136502e-06;0;0;0.000685652473748;0.00385784517526;0.0;0.0;1;0.94998247111;0;2
1016.2245;1.9358;3.22633333333e-05;0.00385784517526;0.000366407051639;0.000709290770562;0.0031485544047;8.57695114045e-06;0;0;0.000685674103551;0.00385791489044;-4.33680868994e-19;0.0;1;0.950000596848;0;1
1018.1603;1.9358;3.22633333333e-05;0.00385791489044;0.000366418625833;0.000709313175888;0.00314860171455;8.57637288026e-06;0;0;0.000685695645262;0.00385798432027;0.0;0.0;1;0.95001856766;0;1
1020.096;1.9357;3.22616666667e-05;0.00385798432027;0.000366430152808;0.00070929884679;0.00314868547348;8.57535359264e-06;0;0;0.000685681676554;0.00385805346311;0.0;0.0;1;0.949987311647;0;2
1022.0317;1.9357;3.22616666667e-05;0.00385805346311;0.00036644163229;0.000709321067623;0.00314873239548;8.5747792873e-06;0;0;0.000685703041668;0.00385812232453;4.33680868994e-19;0.0;1;0.950004986342;0;1
1023.9674;1.9357;3.22616666667e-05;0.00385812232453;0.000366453065203;0.000709343198313;0.00314877912622;8.57420691312e-06;0;0;0.000685724320495;0.00385819090647;-4.33680868994e-19;0.0;1;0.95002252106;0;1
1025.903;1.9356;3.226e-05;0.00385819090647;0.000366464451865;0.000709328593029;0.00314886231344;8.57319356696e-06;0;0;0.000685710087393;0.00385825920726;4.33680868994e-19;0.0;1;0.949990840255;0;2
1027.8386;1.9356;3.226e-05;0.00385825920726;0.000366475792;0.000709350542994;0.00314890866427;8.57262508139e-06;0;0;0.00068573119321;0.0038583272324;0.0;0.0;1;0.950008106071;0;1
1029.7741;1.9355;3.22583333333e-05;0.0038583272324;0.000366487086515;0.000709335755949;0.00314899147645;8.57161566064e-06;0;0;0.000685716786088;0.00385839498021;0.0;0.0;1;0.949976162566;0;2
1031.7096;1.9355;3.22583333333e-05;0.00385839498021;0.000366498335133;0.00070935752765;0.00314903745256;8.57105102016e-06;0;0;0.000685737721235;0.00385846245611;0.0;0.0;1;0.949993174986;0;1
1033.6451;1.9355;3.22583333333e-05;0.00385846245611;0.000366509538751;0.000709379212252;0.00314908324386;8.57048825711e-06;0;0;0.000685758572995;0.00385852966193;-4.33680868994e-19;0.0;1;0.950010066831;0;1
1035.5805;1.9354;3.22566666667e-05;0.00385852966193;0.00036652069767;0.000709364158271;0.00314916550366;8.56948461414e-06;0;0;0.000685743910287;0.003858596596;0.0;0.0;1;0.949977756999;0;2
1037.5159;1.9354;3.22566666667e-05;0.003858596596;0.000366531811613;0.000709385668195;0.0031492109278;8.5689256325e-06;0;0;0.000685764594793;0.00385866326363;4.33680868994e-19;0.0;1;0.949994415413;0;1
1039.4513;1.9354;3.22566666667e-05;0.00385866326363;0.000366542881458;0.000709407092774;0.00314925617085;8.56836849709e-06;0;0;0.000685785197582;0.0038587296666;-4.33680868994e-19;0.0;1;0.950010962358;0;1
1041.3866;1.9353;3.2255e-05;0.0038587296666;0.000366553907501;0.000709391777188;0.00314933788942;8.56737053688e-06;0;0;0.000685770284364;0.00385879580324;0.0;0.0;1;0.949978313651;0;2
1043.3219;1.9353;3.2255e-05;0.00385879580324;0.000366564889461;0.000709413030574;0.00314938277267;8.56681712065e-06;0;0;0.000685790723217;0.00385886167877;-4.33680868994e-19;0.0;1;0.949994643896;0;1
1045.2572;1.9353;3.2255e-05;0.00385886167877;0.000366575828202;0.00070943420032;0.00314942747845;8.56626552018e-06;0;0;0.000685811081976;0.0038589272949;-4.33680868994e-19;0.0;1;0.950010870332;0;1
1047.1924;1.9352;3.22533333333e-05;0.0038589272949;0.000366586724011;0.000709418628306;0.0031495086666;8.56527314991e-06;0;0;0.00068579592318;0.00385899264996;0.0;0.0;1;0.949977905842;0;2
1049.1276;1.9352;3.22533333333e-05;0.00385899264996;0.000366597576604;0.000709439630244;0.00314955301972;8.56472520781e-06;0;0;0.000685816121229;0.00385905774907;-4.33680868994e-19;0.0;1;0.949993929706;0;1
1051.0628;1.9352;3.22533333333e-05;0.00385905774907;0.000366608386832;0.000709460550198;0.00314959719887;8.56417905171e-06;0;0;0.000685836240761;0.00385912259392;4.33680868994e-19;0.0;1;0.950009856251;0;1
1052.9979;1.9351;3.22516666667e-05;0.00385912259392;0.000366619154973;0.000709444726789;0.00314967786713;8.56319218064e-06;0;0;0.000685820841182;0.00385918718279;4.33680868994e-19;0.0;1;0.949976595556;0;2
1054.933;1.9351;3.22516666667e-05;0.00385918718279;0.000366629880743;0.000709465482226;0.00314972170057;8.5626496235e-06;0;0;0.000685840803139;0.00385925152075;0.0;0.0;1;0.949992331554;0;1
1056.8681;1.9351;3.22516666667e-05;0.00385925152075;0.000366640564978;0.000709486157289;0.00314976536346;8.56210882325e-06;0;0;0.000685860688113;0.00385931560942;0.0;0.0;1;0.950007975781;0;1
1058.8032;1.9351;3.22516666667e-05;0.00385931560942;0.000366651207947;0.000709506752498;0.00314980885692;8.56156977043e-06;0;0;0.000685880496601;0.00385937945042;0.0;0.0;1;0.950023529905;0;1
1060.7382;1.935;3.225e-05;0.00385937945042;0.000366661809918;0.000709490602192;0.00314988884822;8.56059007562e-06;0;0;0.000685864783888;0.00385944304204;-4.33680868994e-19;0.0;1;0.949989900427;0;2
1062.6732;1.935;3.225e-05;0.00385944304204;0.000366672370606;0.000709511037122;0.00314993200491;8.5600545448e-06;0;0;0.00068588443884;0.00385950638921;4.33680868994e-19;0.0;1;0.95000527744;0;1
1064.6082;1.935;3.225e-05;0.00385950638921;0.000366682890827;0.000709531393751;0.00314997499546;8.55952073318e-06;0;0;0.000685904018783;0.00385956949351;0.0;0.0;1;0.95002056891;0;1
1066.5431;1.9349;3.22483333333e-05;0.00385956949351;0.000366693370843;0.000709515003244;0.00315005449026;8.55854633405e-06;0;0;0.000685888075955;0.00385963235322;0.0;0.0;1;0.949986678764;0;2
1068.478;1.9349;3.22483333333e-05;0.00385963235322;0.000366703810366;0.000709535202677;0.00315009715054;8.55801598807e-06;0;0;0.000685907505301;0.00385969497319;0.0;0.0;1;0.950001801665;0;1
1070.4129;1.9349;3.22483333333e-05;0.00385969497319;0.0003667142102;0.000709555325315;0.00315013964787;8.55748733371e-06;0;0;0.000685926861076;0.00385975735495;0.0;0.0;1;0.950016843005;0;1
1072.3477;1.9348;3.22466666667e-05;0.00385975735495;0.000366724570598;0.000709538699192;0.00315021865576;8.55651814615e-06;0;0;0.000685910692503;0.00385981949678;0.0;0.0;1;0.949982704207;0;2
1074.2825;1.9348;3.22466666667e-05;0.00385981949678;0.000366734891273;0.000709558667634;0.00315026082915;8.55599290233e-06;0;0;0.000685929900539;0.00385988140345;0.0;0.0;1;0.949997584468;0;1
1076.2173;1.9348;3.22466666667e-05;0.00385988140345;0.000366745173015;0.000709578560749;0.0031503028427;8.55546932314e-06;0;0;0.000685949036404;0.00385994307645;0.0;0.0;1;0.950012386671;0;1
1078.152;1.9347;3.2245e-05;0.00385994307645;0.000366755416071;0.000709561703472;0.00315038137298;8.55450526491e-06;0;0;0.000685932646339;0.00386000451405;0.0;0.0;1;0.949978009807;0;2
1080.0867;1.9347;3.2245e-05;0.00386000451405;0.000366765620152;0.000709581445308;0.00315042306874;8.55398504239e-06;0;0;0.000685951637248;0.00386006572095;0.0;0.0;1;0.949992657558;0;1
1082.0214;1.9347;3.2245e-05;0.00386006572095;0.000366775786037;0.000709601113246;0.0031504646077;8.55346645812e-06;0;0;0.000685970557347;0.00386012669859;0.0;0.0;1;0.950007230365;0;1
1083.9561;1.9347;3.2245e-05;0.00386012669859;0.000366785913965;0.000709620707747;0.00315050599084;8.55294950353e-06;0;0;0.000685989407077;0.00386018744842;0.0;0.0;1;0.950021729188;0;1
1085.8907;1.9346;3.22433333333e-05;0.00386018744842;0.000366796004173;0.000709603549672;0.00315058389874;8.55199214189e-06;0;0;0.000685972728761;0.0038602479687;0.0;0.0;1;0.949987049864;0;2
1087.8253;1.9346;3.22433333333e-05;0.0038602479687;0.000366806056372;0.000709622996658;0.00315062497204;8.55147847414e-06;0;0;0.000685991437124;0.00386030826402;0.0;0.0;1;0.950001401977;0;1
1089.7599;1.9346;3.22433333333e-05;0.00386030826402;0.000366816071325;0.000709642371586;0.00315066589244;8.55096641044e-06;0;0;0.000686010076433;0.00386036833579;0.0;0.0;1;0.950015682802;0;1
1091.6944;1.9345;3.22416666667e-05;0.00386036833579;0.000366826049262;0.000709624992298;0.00315074334349;8.55001399342e-06;0;0;0.000685993186108;0.00386042818228;0.0;0.0;1;0.949980785873;0;2
1093.6289;1.9345;3.22416666667e-05;0.00386042818228;0.000366835989895;0.000709644222451;0.00315078395982;8.54950516539e-06;0;0;0.000686011686664;0.00386048780799;-4.33680868994e-19;0.0;1;0.949994925141;0;1
1095.5634;1.9345;3.22416666667e-05;0.00386048780799;0.000366845893971;0.000709663381888;0.0031508244261;8.54899791636e-06;0;0;0.000686030119446;0.0038605472143;0.0;0.0;1;0.950008995565;0;1
1097.4979;1.9345;3.22416666667e-05;0.0038605472143;0.000366855761718;0.000709682471043;0.00315086474326;8.54849223818e-06;0;0;0.000686048484869;0.00386060640255;4.33680868994e-19;0.0;1;0.950022997908;0;1
1099.4323;1.9344;3.224e-05;0.00386060640255;0.000366865593357;0.00070966480379;0.00315094159876;8.54754627811e-06;0;0;0.000686031318533;0.00386066537102;0.0;0.0;1;0.949987822704;0;2
1101.3667;1.9344;3.224e-05;0.00386066537102;0.0003668753886;0.000709683751707;0.00315098161931;8.54704376926e-06;0;0;0.000686049548578;0.00386072412412;0.0;0.0;1;0.950001689646;0;1
1103.3011;1.9344;3.224e-05;0.00386072412412;0.00036688514818;0.000709702630639;0.00315102149348;8.54654280692e-06;0;0;0.0006860677125;0.00386078266317;0.0;0.0;1;0.950015490677;0;1
1105.2354;1.9343;3.22383333333e-05;0.00386078266317;0.000366894872314;0.000709684751517;0.00315109791166;8.54560161598e-06;0;0;0.000686050343071;0.00386084098645;0.0;0.0;1;0.94998011413;0;2
1107.1697;1.9343;3.22383333333e-05;0.00386084098645;0.000366904560714;0.000709703491789;0.00315113749466;8.54510377434e-06;0;0;0.000686068374076;0.00386089909829;0.0;0.0;1;0.949993783946;0;1
1109.104;1.9343;3.22383333333e-05;0.00386089909829;0.000366914214102;0.000709722164337;0.00315117693395;8.54460745539e-06;0;0;0.000686086340161;0.00386095699999;4.33680868994e-19;0.0;1;0.95000738985;0;1
1111.0383;1.9343;3.22383333333e-05;0.00386095699999;0.000366923832689;0.00070974076957;0.00315121623042;8.5441126514e-06;0;0;0.000686104241719;0.00386101469282;4.33680868994e-19;0.0;1;0.950020932475;0;1
1112.9725;1.9342;3.22366666667e-05;0.00386101469282;0.000366933416686;0.000709722614554;0.00315129207827;8.54317768963e-06;0;0;0.0006860866078;0.00386107217505;0.0;0.0;1;0.949985297282;0;2
1114.9067;1.9342;3.22366666667e-05;0.00386107217505;0.000366942965803;0.000709741084456;0.00315133109059;8.54268594325e-06;0;0;0.000686104379617;0.00386112945093;0.0;0.0;1;0.949998713787;0;1
1116.8409;1.9342;3.22366666667e-05;0.00386112945093;0.000366952480748;0.000709759488263;0.00315136996267;8.54219568869e-06;0;0;0.000686122088071;0.00386118652172;-4.33680868994e-19;0.0;1;0.950012068826;0;1
1118.775;1.9341;3.2235e-05;0.00386118652172;0.000366961961726;0.000709741130175;0.00315144539154;8.54126532918e-06;0;0;0.000686104259455;0.00386124338567;-4.33680868994e-19;0.0;1;0.949976245749;0;2
1120.7091;1.9341;3.2235e-05;0.00386124338567;0.000366971408448;0.00070975940108;0.00315148398459;8.54077808598e-06;0;0;0.000686121840487;0.00386130004699;0.0;0.0;1;0.949989478195;0;1
1122.6432;1.9341;3.2235e-05;0.00386130004699;0.000366980821611;0.000709777607078;0.00315152243991;8.54029231194e-06;0;0;0.00068613935929;0.00386135650689;0.0;0.0;1;0.950002650871;0;1
1124.5773;1.9341;3.2235e-05;0.00386135650689;0.000366990201414;0.000709795748556;0.00315156075833;8.53980799969e-06;0;0;0.000686156816233;0.00386141276657;0.0;0.0;1;0.950015764315;0;1
1126.5113;1.934;3.22333333333e-05;0.00386141276657;0.000366999548056;0.000709777125941;0.00315163564063;8.53888365269e-06;0;0;0.000686138733981;0.00386146882429;4.33680868994e-19;0.0;1;0.949979699114;0;2
1128.4453;1.934;3.22333333333e-05;0.00386146882429;0.000367008861248;0.000709795137653;0.00315167368664;8.53840229179e-06;0;0;0.000686156066497;0.00386152468417;0.0;0.0;1;0.949992694323;0;1
1130.3793;1.934;3.22333333333e-05;0.00386152468417;0.000367018141672;0.000709813085994;0.00315171159818;8.53792237067e-06;0;0;0.00068617333825;0.00386158034739;-4.33680868994e-19;0.0;1;0.950005631864;0;1
1132.3133;1.934;3.22333333333e-05;0.00386158034739;0.000367027389523;0.000709830971337;0.00315174937606;8.53744388215e-06;0;0;0.000686190549598;0.0038616358151;0.0;0.0;1;0.950018512235;0;1
1134.2472;1.9339;3.22316666667e-05;0.0038616358151;0.000367036604991;0.000709812090393;0.00315182372471;8.53652542872e-06;0;0;0.000686172219627;0.00386169108558;0.0;0.0;1;0.949982213313;0;2
1136.1811;1.9339;3.22316666667e-05;0.00386169108558;0.000367045787789;0.000709829849005;0.00315186123657;8.53604983321e-06;0;0;0.000686189309445;0.00386174616285;4.33680868994e-19;0.0;1;0.94999497948;0;1
1138.115;1.9339;3.22316666667e-05;0.00386174616285;0.000367054938585;0.00070984754573;0.00315189861712;8.53557564889e-06;0;0;0.00068620633992;0.00386180104806;-4.33680868994e-19;0.0;1;0.950007689929;0;1
1140.0489;1.9339;3.22316666667e-05;0.00386180104806;0.000367064057568;0.000709865180931;0.00315193586713;8.53510286881e-06;0;0;0.000686223311395;0.00386185574232;0.0;0.0;1;0.950020345124;0;1
1141.9827;1.9338;3.223e-05;0.00386185574232;0.000367073144923;0.000709846047651;0.00315200969467;8.53419019328e-06;0;0;0.00068620473943;0.0038619102439;4.33680868994e-19;0.0;1;0.949983820284;0;2
1143.9165;1.9338;3.223e-05;0.0038619102439;0.00036708220036;0.000709863559056;0.00315204668485;8.53372024945e-06;0;0;0.000686221592181;0.00386196455678;0.0;0.0;1;0.949996365029;0;1
1145.8503;1.9338;3.223e-05;0.00386196455678;0.000367091224538;0.000709881010012;0.00315208354677;8.53325168904e-06;0;0;0.00068623838696;0.00386201868204;0.0;0.0;1;0.950008855877;0;1
1147.7841;1.9338;3.223e-05;0.00386201868204;0.000367100217638;0.000709898400869;0.00315212028117;8.53278450526e-06;0;0;0.000686255124102;0.00386207262077;-4.33680868994e-19;0.0;1;0.95002129326;0;1
1149.7178;1.9337;3.22283333333e-05;0.00386207262077;0.000367109179839;0.000709879021055;0.00315219359971;8.53187749512e-06;0;0;0.000686236315686;0.00386212637124;4.33680868994e-19;0.0;1;0.949984549792;0;2
1151.6515;1.9337;3.22283333333e-05;0.00386212637124;0.000367118110853;0.000709896290956;0.00315223008028;8.53141309241e-06;0;0;0.000686252936818;0.00386217993734;0.0;0.0;1;0.949996880246;0;1
1153.5852;1.9337;3.22283333333e-05;0.00386217993734;0.000367127011325;0.0007099135018;0.00315226643554;8.53095004607e-06;0;0;0.000686269501307;0.00386223332013;4.33680868994e-19;0.0;1;0.950009158508;0;1
1155.5189;1.9337;3.22283333333e-05;0.00386223332013;0.000367135881432;0.000709930653924;0.00315230266621;8.53048834953e-06;0;0;0.000686286009477;0.00386228652067;0.0;0.0;1;0.950021384988;0;1
1157.4525;1.9336;3.22266666667e-05;0.00386228652067;0.000367144721345;0.000709911033193;0.00315237548748;8.52958689532e-06;0;0;0.000686266969977;0.00386233953723;0.0;0.0;1;0.949984429741;0;2
1159.3861;1.9336;3.22266666667e-05;0.00386233953723;0.000367153530778;0.000709928067113;0.00315241147011;8.52912792614e-06;0;0;0.000686283364765;0.00386239237362;0.0;0.0;1;0.949996552604;0;1
1161.3197;1.9336;3.22266666667e-05;0.00386239237362;0.000367162310365;0.000709945043322;0.0031524473303;8.52867028704e-06;0;0;0.000686299704199;0.00386244503087;-4.33680868994e-19;0.0;1;0.950008624886;0;1
1163.2533;1.9336;3.22266666667e-05;0.00386244503087;0.000367171060275;0.000709961962148;0.00315248306873;8.52821397161e-06;0;0;0.000686315988589;0.00386249751001;0.0;0.0;1;0.950020646973;0;1
1165.1868;1.9335;3.2225e-05;0.00386249751001;0.000367179780676;0.000709942105937;0.00315255540407;8.52731796683e-06;0;0;0.000686296723202;0.00386254980931;-4.33680868994e-19;0.0;1;0.949983486405;0;2
1167.1203;1.9335;3.2225e-05;0.00386254980931;0.000367188471282;0.000709958909223;0.00315259090009;8.52686432651e-06;0;0;0.000686312896758;0.00386260193252;4.33680868994e-19;0.0;1;0.949995408005;0;1
1169.0538;1.9335;3.2225e-05;0.00386260193252;0.000367197132714;0.000709975656102;0.00315262627642;8.52641199067e-06;0;0;0.000686329016205;0.00386265388063;0.0;0.0;1;0.950007280546;0;1
1170.9873;1.9335;3.2225e-05;0.00386265388063;0.000367205765137;0.000709992346892;0.00315266153374;8.52596095309e-06;0;0;0.000686345081846;0.00386270565463;0.0;0.0;1;0.950019104396;0;1
1172.9207;1.9334;3.22233333333e-05;0.00386270565463;0.000367214368714;0.000709972260471;0.00315273339416;8.52507029407e-06;0;0;0.000686325595607;0.00386275725281;0.0;0.0;1;0.949981744624;0;2
1174.8541;1.9334;3.22233333333e-05;0.00386275725281;0.000367222943158;0.000709988838302;0.0031527684145;8.52462188072e-06;0;0;0.000686341552881;0.00386280867884;-4.33680868994e-19;0.0;1;0.949993470954;0;1
1176.7875;1.9334;3.22233333333e-05;0.00386280867884;0.000367231489082;0.00071000536099;0.00315280331785;8.52417474696e-06;0;0;0.000686357457253;0.00386285993369;0.0;0.0;1;0.950005149672;0;1
1178.7209;1.9334;3.22233333333e-05;0.00386285993369;0.000367240006643;0.000710021828843;0.00315283810484;8.5237288867e-06;0;0;0.000686373309019;0.00386291101831;0.0;0.0;1;0.950016781126;0;1
1180.6542;1.9333;3.22216666667e-05;0.00386291101831;0.000367248496;0.000710001517316;0.00315290950099;8.52284347254e-06;0;0;0.000686353606808;0.003862961931;-4.33680868994e-19;0.0;1;0.949979227955;0;2
1182.5875;1.9333;3.22216666667e-05;0.003862961931;0.000367256956868;0.000710017874712;0.00315294405628;8.52240018699e-06;0;0;0.000686369352597;0.00386301267536;0.0;0.0;1;0.949990764711;0;1
1184.5208;1.9333;3.22216666667e-05;0.00386301267536;0.000367265389846;0.000710034178189;0.00315297849717;8.52195815678e-06;0;0;0.000686385046656;0.00386306325234;0.0;0.0;1;0.950002255229;0;1
1186.4541;1.9333;3.22216666667e-05;0.00386306325234;0.000367273795089;0.000710050428046;0.00315301282429;8.52151737598e-06;0;0;0.000686400689269;0.00386311366285;0.0;0.0;1;0.950013699842;0;1
1188.3873;1.9332;3.222e-05;0.00386311366285;0.000367282172751;0.000710029896362;0.00315308376649;8.52063710843e-06;0;0;0.000686380775817;0.0038631639052;-4.33680868994e-19;0.0;1;0.949975958801;0;2
1190.3205;1.9332;3.222e-05;0.0038631639052;0.000367290522546;0.000710046038186;0.00315311786701;8.52019885413e-06;0;0;0.000686396314772;0.00386321398293;0.0;0.0;1;0.949987311405;0;1
1192.2537;1.9332;3.222e-05;0.00386321398293;0.000367298845065;0.000710062127279;0.00315315185565;8.51976183154e-06;0;0;0.000686411803131;0.00386326389695;0.0;0.0;1;0.949998619083;0;1
1194.1869;1.9332;3.222e-05;0.00386326389695;0.000367307140456;0.00071007816393;0.00315318573302;8.51932603492e-06;0;0;0.000686427241172;0.00386331364816;0.0;0.0;1;0.950009882151;0;1
1196.1201;1.9332;3.222e-05;0.00386331364816;0.000367315408869;0.000710094148425;0.00315321949973;8.51889145853e-06;0;0;0.000686442629168;0.00386336323744;0.0;0.0;1;0.950021100924;0;1
1198.0532;1.9331;3.22183333333e-05;0.00386336323744;0.00036732365045;0.000710073348685;0.00315328988876;8.5180174788e-06;0;0;0.000686422458496;0.00386341266311;0.0;0.0;1;0.94998313272;0;2
1199.9863;1.9331;3.22183333333e-05;0.00386341266311;0.000367331864917;0.000710089228071;0.00315332343503;8.51758537049e-06;0;0;0.000686437745628;0.00386346192863;0.0;0.0;1;0.94999426267;0;1
1201.9194;1.9331;2.28333333348e-07;0.00386346192863;0.000367340052846;0.000710105056157;0.00315335687247;8.51715446529e-06;0;0;0.000686452983534;0.00383152103487;0.0;0.0;1;0.95000534925;0;1
