# Hydrograph at the point with coordinates: 3.32144299033 52.3884767517
# A pixel size is [m2]:
# 1.0
# time[s];deltaTime[s];Rainfall[m];Water_level_[m];Sheet_Flow[m3/s];Sheet_V_runoff[m3];Sheet_V_rest[m3];Infiltration[m];Surface_retetion[m];State;V_inflow[m3];WlevelTotal[m];SurfaceBil[m3];V_to_rill.m3.;ratio;courant;courantrill;iter
20.0;20.0;0.0;0.0;0.0;0.0;0.0;0.0;0.0;0;0.0;0.0;0.0;0.0;1;1.95;1.95;0
20.0;20.0;0.0;0.0;0.0;0.0;0.0;0.0;0.0;0;0.0;0.0;0.0;0.0;1;0;0;1
40.0;20.0;0.0;0.0;0.0;0.0;0.0;0.0;0.0;0;0.0;0.0;0.0;0.0;1;0;0;1
60.0;20.0;0.0;0.0;0.0;0.0;0.0;0.0;0.0;0;0.0;0.0;0.0;0.0;1;0;0;1
80.0;20.0;0.0;0.0;0.0;0.0;0.0;0.0;0.0;0;0.0;0.0;0.0;0.0;1;0;0;1
100.0;20.0;0.0;0.0;0.0;0.0;0.0;0.0;0.0;0;0.0;0.0;0.0;0.0;1;0;0;1
120.0;20.0;0.0;0.0;0.0;0.0;0.0;0.0;0.0;0;0.0;0.0;0.0;0.0;1;0;0;1
140.0;20.0;0.0;0.0;0.0;0.0;0.0;0.0;0.0;0;0.0;0.0;0.0;0.0;1;0;0;1
160.0;20.0;0.0;0.0;0.0;0.0;0.0;0.0;0.0;0;0.0;0.0;0.0;0.0;1;0;0;1
180.0;20.0;0.000280000001192;0.0;0.0;0.0;0.0;0;0.000280000001192;0;0.0;0.0;0.0;0.0;1;0;0;1
200.0;20.0;0.000333333333333;0.0;0.0;0.0;0.0;0;0.000333333333333;0;0.0;0.0;0.0;0.0;1;0;0;1
220.0;20.0;0.000333333333333;0.0;0.0;0.0;0.0;0;0.000333333333333;0;0.0;0.0;0.0;0.0;1;0;0;1
240.0;20.0;0.000333333333333;0.0;0.0;0.0;0.0;0.000100639464951;5.33333321412e-05;0;0.0;0.000179360536241;0.0;0.0;1;0;0;1
260.0;20.0;0.000333333333333;0.000179360536241;1.83827985881e-06;3.67655971762e-05;0.000142594939065;9.88110004982e-05;0;0;3.65959504371e-05;0.000413713222337;0.0;0.0;1;0.904473844149;0;1
271.4998;11.4998;0.000191663333333;0.000413713222337;7.92296215391e-06;9.11124801775e-05;0.00032260074216;5.6343509225e-05;0;0;9.0693577199e-05;0.000548614143467;0.0;0.0;1;0.949996555684;0;2
281.0843;9.5845;0.000159741666667;0.000548614143467;1.29758479135e-05;0.000124367014327;0.00042424712914;4.66754725454e-05;0;0;0.00012379852185;0.000661111845111;0.0;0.0;1;0.950001569141;0;2
289.5886;8.5043;0.000141738333333;0.000661111845111;1.79778447512e-05;0.000152888985118;0.000508222859993;4.12152631351e-05;0;0;0.000152194193811;0.000760940124002;-1.08420217249e-19;0.0;1;0.950001044869;0;2
297.3634;7.7748;0.00012958;0.000760940124002;2.29878144168e-05;0.000178725659528;0.000582214464474;3.75279243126e-05;0;0;0.000177918204418;0.000852184744579;1.08420217249e-19;0.0;1;0.950000759532;0;2
304.5984;7.235;0.000120583333333;0.000852184744579;2.80201232054e-05;0.000202725591391;0.000649459153188;3.48012283974e-05;0;0;0.000201815074014;0.000937056332138;0.0;0.0;1;0.949997640883;0;2
311.411;6.8126;0.000113543333333;0.000937056332138;3.30783227496e-05;0.000225349381564;0.000711706950574;3.26695767436e-05;0;0;0.000224343195198;0.00101692390236;0.0;0.0;1;0.950001701637;0;2
317.8801;6.4691;0.000107818333333;0.00101692390236;3.81625387318e-05;0.00024687727931;0.000770046623052;3.09380364335e-05;0;0;0.000245781454717;0.00109270837467;0.0;0.0;1;0.949994438143;0;2
324.0622;6.1821;0.000103035;0.00109270837467;4.32715553408e-05;0.000267509082273;0.000825199292396;2.94929896317e-05;0;0;0.000266328667122;0.00116506996989;2.16840434497e-19;0.0;1;0.950006182293;0;2
329.9992;5.937;9.895e-05;0.00116506996989;4.84038994541e-05;0.000287373951059;0.000877696018828;2.82604415564e-05;0;0;0.00028611333738;0.00123449891465;0.0;0.0;1;0.950002537187;0;2
335.7235;5.7243;9.5405e-05;0.00123449891465;5.35578094328e-05;0.000306580968536;0.000927917946115;2.71921320723e-05;0;0;0.000305243992272;0.00130137480632;0.0;0.0;1;0.950005197124;0;2
341.2606;5.5371;9.2285e-05;0.00130137480632;5.87316804321e-05;0.000325203187721;0.000976171618595;2.62530771831e-05;0;0;0.00032379329706;0.00136599683847;2.16840434497e-19;0.0;1;0.949992042245;0;2
346.6313;5.3707;8.95116666667e-05;0.00136599683847;6.39238769533e-05;0.000343315965953;0.00102268087252;2.54193420867e-05;0;0;0.000341836220522;0.00142860941762;0.0;0.0;1;0.949998531083;0;2
351.8526;5.2213;8.70216666667e-05;0.00142860941762;6.91330719274e-05;0.000360964508454;0.00106764490917;2.46716765172e-05;0;0;0.000359417718659;0.00148941261798;0.0;0.0;1;0.950003238466;0;2
356.9387;5.0861;8.47683333333e-05;0.00148941261798;7.43579336689e-05;0.000378191886433;0.00111122073154;2.39958634515e-05;0;0;0.00037658062902;0.00154857383044;0.0;0.0;1;0.950006910832;0;2
361.9016;4.9629;8.2715e-05;0.00154857383044;7.95972441398e-05;0.000395033162941;0.0011535406675;2.33807395094e-05;0;0;0.000393359820976;0.00160623474897;-2.16840434497e-19;0.0;1;0.950007321525;0;2
366.7515;4.8499;8.08316666667e-05;0.00160623474897;8.48498746643e-05;0.000411513407134;0.00119472134184;2.28171932394e-05;0;0;0.000409780216875;0.00166251603214;0.0;0.0;1;0.949991984223;0;2
371.4974;4.7459;7.90983333333e-05;0.00166251603214;9.0114719553e-05;0.000427675447527;0.00123484058461;2.2299061338e-05;0;0;0.0004258844273;0.00171752428391;0.0;0.0;1;0.949999682414;0;2
376.147;4.6496;7.74933333333e-05;0.00171752428391;9.53909752882e-05;0.0004435298787;0.00127399440521;2.18198070874e-05;0;0;0.00044168296822;0.00177135089967;2.16840434497e-19;0.0;1;0.95000051647;0;2
380.7071;4.5601;7.60016666667e-05;0.00177135089967;0.000100677747192;0.000459100594971;0.0013122503047;2.13748501892e-05;0;0;0.000457199601324;0.0018240767225;0.0;0.0;1;0.950003186852;0;2
385.1837;4.4766;7.461e-05;0.0018240767225;0.000105974258283;0.000474404364629;0.00134967235787;2.09601397184e-05;0;0;0.000472450994186;0.00187577321234;0.0;0.0;1;0.950005380793;0;2
389.5821;4.3984;7.33066666667e-05;0.00187577321234;0.000111279780636;0.000489452987149;0.00138632022519;2.05721427947e-05;0;0;0.000487448867686;0.00192650361675;2.16840434497e-19;0.0;1;0.949999325046;0;2
393.9071;4.325;7.20833333333e-05;0.00192650361675;0.000116593598334;0.000504267312793;0.00142223630396;2.02083019192e-05;0;0;0.000502213957984;0.00197632529336;0.0;0.0;1;0.949998571634;0;2
398.163;4.2559;7.09316666667e-05;0.00197632529336;0.000121915122445;0.000518858569615;0.00145746672374;1.98660917397e-05;0;0;0.000516757420539;0.00202528971921;0.0;0.0;1;0.949999712115;0;2
402.3537;4.1907;6.9845e-05;0.00202528971921;0.00012724379059;0.000533240553224;0.00149204916598;1.95434810421e-05;0;0;0.000531092969631;0.00207344365457;0.0;0.0;1;0.950006567824;0;2
406.4827;4.129;6.88166666667e-05;0.00207344365457;0.000132579103529;0.000547419118472;0.0015260245361;1.92384614758e-05;0;0;0.000545226412616;0.00212082915391;0.0;0.0;1;0.950010523719;0;2
410.5531;4.0704;6.784e-05;0.00212082915391;0.00013792055094;0.000561391810547;0.00155943734336;1.89490449452e-05;0;0;0.000559155281488;0.0021674835799;-4.33680868994e-19;0.0;1;0.949991551086;0;2
414.5679;4.0148;6.69133333333e-05;0.0021674835799;0.000143267543063;0.00057519053189;0.00159229304801;1.86746556621e-05;0;0;0.000572911329681;0.00221344305536;0.0;0.0;1;0.949990088251;0;2
418.5298;3.9619;6.60316666667e-05;0.00221344305536;0.000148619750779;0.000588816590609;0.00162462646475;1.84137997043e-05;0;0;0.000586495840823;0.00225874017254;4.33680868994e-19;0.0;1;0.949993608914;0;2
422.4413;3.9115;6.51916666667e-05;0.00225874017254;0.000153976802762;0.000602280264002;0.00165645990854;1.81654602643e-05;0;0;0.000599919033137;0.00230340514808;4.33680868994e-19;0.0;1;0.95000617452;0;2
426.3046;3.8633;6.43883333333e-05;0.00230340514808;0.000159338377148;0.000615571952436;0.00168783319564;1.79281668704e-05;0;0;0.00061317132685;0.00234746468895;0.0;0.0;1;0.950001605983;0;2
430.1218;3.8172;6.362e-05;0.00234746468895;0.000164704027374;0.00062870821329;0.00171875647566;1.77013865451e-05;0;0;0.000626269197019;0.00239094428614;0.0;0.0;1;0.94999675829;0;2
433.8949;3.7731;6.2885e-05;0.00239094428614;0.000170073424799;0.000641704039108;0.00174924024703;1.74845928336e-05;0;0;0.000639227561822;0.00243386821602;0.0;0.0;1;0.950005083322;0;2
437.6257;3.7308;6.218e-05;0.00243386821602;0.000175446337847;0.00065455519724;0.00177931301878;1.72768024288e-05;0;0;0.000652042189735;0.00247625840608;0.0;0.0;1;0.950011392171;0;2
441.3158;3.6901;6.15016666667e-05;0.00247625840608;0.000180822467407;0.00066725298698;0.0018090054191;1.70770389002e-05;0;0;0.00066470439798;0.00251813444485;0.0;0.0;1;0.949996124958;0;2
444.9668;3.651;6.085e-05;0.00251813444485;0.000186201420288;0.000679821385471;0.00183831305938;1.68852564674e-05;0;0;0.000677238056778;0.00255951585969;0.0;0.0;1;0.949987649546;0;2
448.5802;3.6134;6.02233333333e-05;0.00255951585969;0.000191582980957;0.000692265943389;0.0018672499163;1.67009503671e-05;0;0;0.000689648682088;0.00260042098136;0.0;0.0;1;0.949986866149;0;2
452.1574;3.5772;5.962e-05;0.00260042098136;0.000196966954019;0.000704590187917;0.00189583079344;1.65236198851e-05;0;0;0.000701939774716;0.00264086694827;0.0;0.0;1;0.949992247619;0;2
455.6997;3.5423;5.90383333333e-05;0.00264086694827;0.000202353149288;0.000716795560722;0.00192407138755;1.63527680257e-05;0;0;0.000714112758303;0.00268086971116;4.33680868994e-19;0.0;1;0.94999997548;0;2
459.2083;3.5086;5.84766666667e-05;0.00268086971116;0.000207741367707;0.000728881362738;0.00195198834842;1.61879012142e-05;0;0;0.000726166924086;0.00272044403796;0.0;0.0;1;0.950004064184;0;2
462.6843;3.476;5.79333333333e-05;0.00272044403796;0.000213131388064;0.00074084470491;0.00197959933305;1.60285290307e-05;0;0;0.000738099381598;0.00275960351895;0.0;0.0;1;0.949996474823;0;2
466.1288;3.4445;5.74083333333e-05;0.00275960351895;0.000218522954418;0.000752702316493;0.00200690120246;1.58746245888e-05;0;0;0.000749926786305;0.00279836169751;0.0;0.0;1;0.949994799438;0;2
469.5428;3.414;5.69e-05;0.00279836169751;0.000223915921628;0.000764448956437;0.00203391274107;1.57257021204e-05;0;0;0.000761643905726;0.00283673094467;0.0;0.0;1;0.949988179055;0;2
472.9273;3.3845;5.64083333333e-05;0.00283673094467;0.000229310092333;0.000776100007501;0.00206063093717;1.55817385646e-05;0;0;0.000773266055601;0.00287472358754;0.0;0.0;1;0.949992023345;0;2
476.2832;3.3559;5.59316666667e-05;0.00287472358754;0.000234705366249;0.000787647738596;0.00208707584895;1.54422521746e-05;0;0;0.000784785523358;0.0029123507868;0.0;0.0;1;0.94999291131;0;2
479.6114;3.3282;5.547e-05;0.0029123507868;0.000240101575026;0.000799106062;0.0021132447248;1.5307223165e-05;0;0;0.000796216160998;0.00294962366263;4.33680868994e-19;0.0;1;0.950004294385;0;2
482.9127;3.3013;5.50216666667e-05;0.00294962366263;0.000245498635096;0.000810464644041;0.00213915901859;1.51761732868e-05;0;0;0.000807547663196;0.00298655217517;0.0;0.0;1;0.95001041103;0;2
486.1878;3.2751;5.4585e-05;0.00298655217517;0.000250896380408;0.000821710735475;0.00216484143969;1.50486263039e-05;0;0;0.000818767316957;0.00302314513034;0.0;0.0;1;0.949993939825;0;2
489.4375;3.2497;5.41616666667e-05;0.00302314513034;0.000256294553045;0.00083288040903;0.00219026472131;1.49250259869e-05;0;0;0.000829911056274;0.00305941241827;4.33680868994e-19;0.0;1;0.949994531471;0;2
492.6625;3.225;5.375e-05;0.00305941241827;0.000261693128066;0.000843960338012;0.00221545208026;1.48048981083e-05;0;0;0.000840965594209;0.00309536277636;4.33680868994e-19;0.0;1;0.949993723458;0;2
495.8635;3.201;5.335e-05;0.00309536277636;0.000267091981346;0.000854961432289;0.00224040134407;1.4688228836e-05;0;0;0.000851941793801;0.00313100490903;0.0;0.0;1;0.950001299279;0;2
499.0411;3.1776;5.296e-05;0.00313100490903;0.000272491050461;0.000865867561946;0.00226513734709;1.45745465189e-05;0;0;0.000862823574404;0.00316634637497;4.33680868994e-19;0.0;1;0.949996859795;0;2
502.1959;3.1548;5.258e-05;0.00316634637497;0.000277890162043;0.000876687883215;0.00228965849176;1.44638393473e-05;0;0;0.000873620051863;0.00320139470427;4.33680868994e-19;0.0;1;0.949988768548;0;2
505.3285;3.1326;5.221e-05;0.00320139470427;0.000283289195671;0.000887431734357;0.00231396296991;1.43560960455e-05;0;0;0.000884340524311;0.00323615739818;-4.33680868994e-19;0.0;1;0.949985154285;0;2
508.4395;3.111;5.185e-05;0.00323615739818;0.000288688082224;0.000898108623798;0.00233804877438;1.425130584e-05;0;0;0.000894994460337;0.00327064192888;0.0;0.0;1;0.949993921451;0;2
511.5294;3.0899;5.14983333333e-05;0.00327064192888;0.000294086802312;0.000908698810464;0.00236194311841;1.4149000701e-05;0;0;0.000905562180859;0.00330485463191;-4.33680868994e-19;0.0;1;0.949992015053;0;2
514.5987;3.0693;5.1155e-05;0.00330485463191;0.000299485209343;0.000919209953037;0.00238564467887;1.40491714794e-05;0;0;0.000916051310964;0.00333880181835;-4.33680868994e-19;0.0;1;0.949986097141;0;2
517.648;3.0493;5.08216666667e-05;0.00333880181835;0.000304883198891;0.000929680338379;0.00240912147997;1.39522667952e-05;0;0;0.000926499999836;0.00337249087968;0.0;0.0;1;0.95001381111;0;2
520.6776;3.0296;5.04933333333e-05;0.00337249087968;0.000310280885165;0.000940026969696;0.00243246390999;1.38569059356e-05;0;0;0.00093682552902;0.0034059258664;0.0;0.0;1;0.949988213458;0;2
523.6881;3.0105;5.0175e-05;0.0034059258664;0.000315677890108;0.00095034828817;0.00245557757823;1.37644533415e-05;0;0;0.00094712599649;0.00343911412138;0.0;0.0;1;0.950008528932;0;2
526.6798;2.9917;4.98616666667e-05;0.00343911412138;0.00032107440509;0.000960558297708;0.00247855582367;1.36735299662e-05;0;0;0.000957315692706;0.00347205965308;0.0;0.0;1;0.949986305408;0;2
529.6532;2.9734;4.95566666667e-05;0.00347205965308;0.000326470120269;0.000970726255608;0.00250133339747;1.35850431287e-05;0;0;0.000967463632611;0.00350476865362;0.0;0.0;1;0.949989742155;0;2
532.6087;2.9555;4.92583333333e-05;0.00350476865362;0.000331865117604;0.000980827355079;0.00252394129854;1.34985291087e-05;0;0;0.000977545085435;0.0035372461882;4.33680868994e-19;0.0;1;0.949992439872;0;2
535.5467;2.938;4.89666666667e-05;0.0035372461882;0.000337259330982;0.000990867914426;0.00254637827378;1.34139816528e-05;0;0;0.000987566336937;0.00356949729573;4.33680868994e-19;0.0;1;0.949999240525;0;2
538.4676;2.9209;4.86816666667e-05;0.00356949729573;0.000342652723657;0.00100085434053;0.0025686429552;1.33313947462e-05;0;0;0.000997533755936;0.00360152698305;-4.33680868994e-19;0.0;1;0.950014873458;0;2
541.3717;2.9041;4.84016666667e-05;0.00360152698305;0.000348045286431;0.00101075831632;0.00259076866673;1.32503064903e-05;0;0;0.00100741909237;0.00363333911928;-4.33680868994e-19;0.0;1;0.950011246851;0;2
544.2593;2.8876;4.81266666667e-05;0.00363333911928;0.000353436848787;0.00102058424456;0.00261275487472;1.31707119021e-05;0;0;0.00101722668924;0.00366493751873;0.0;0.0;1;0.949992133413;0;2
547.1308;2.8715;4.78583333333e-05;0.00366493751873;0.000358827257301;0.00103037246934;0.00263456504939;1.30930619996e-05;0;0;0.00102699668562;0.00369632700634;0.0;0.0;1;0.949994306006;0;2
549.9865;2.8557;4.7595e-05;0.00369632700634;0.000364216558327;0.00104009322561;0.00265623378073;1.30168959055e-05;0;0;0.00103669929936;0.00372751118418;0.0;0.0;1;0.949988837261;0;2
552.8268;2.8403;4.73383333333e-05;0.00372751118418;0.00036960461586;0.00104978799043;0.00267772319376;1.29426647069e-05;0;0;0.00104637569132;0.00375849455371;0.0;0.0;1;0.950012695995;0;2
555.6519;2.8251;4.7085e-05;0.00375849455371;0.000374991474511;0.00105938841464;0.00269910613907;1.28694527555e-05;0;0;0.00105595745939;0.00378927914571;0.0;0.0;1;0.95000279154;0;2
558.4621;2.8102;4.68366666667e-05;0.00378927914571;0.000380376772518;0.00106893480613;0.00272034433957;1.27977117267e-05;0;0;0.00106548437089;0.00381986766541;0.0;0.0;1;0.949995582927;0;2
561.2577;2.7956;4.65933333333e-05;0.00381986766541;0.000385760283351;0.00107843144814;0.00274143621727;1.27274376166e-05;0;0;0.00107496010749;0.00385026222048;4.33680868994e-19;0.0;1;0.949994374688;0;2
564.039;2.7813;4.6355e-05;0.00385026222048;0.000391141693089;0.00108788239099;0.00276237982949;1.26586265571e-05;0;0;0.00108438788536;0.00388046408829;-4.33680868994e-19;0.0;1;0.950002403869;0;2
566.8062;2.7672;4.612e-05;0.00388046408829;0.000396520555411;0.00109725168093;0.00278321240735;1.25908199387e-05;0;0;0.00109373075144;0.00391047233886;0.0;0.0;1;0.949988511956;0;2
569.5596;2.7534;4.589e-05;0.00391047233886;0.000401896039644;0.00110658055555;0.0028038917833;1.25244694025e-05;0;0;0.00110302834058;0.00394028565448;0.0;0.0;1;0.949989622629;0;2
572.2995;2.7399;4.5665e-05;0.00394028565448;0.000407267248025;0.00111587153286;0.00282441412162;1.24595714423e-05;0;0;0.00111228127812;0.00396990082829;0.0;0.0;1;0.950008791931;0;2
575.0261;2.7266;4.54433333333e-05;0.00396990082829;0.000412632940941;0.00112508497677;0.00284481585152;1.23956681707e-05;0;0;0.00112144770675;0.00399931122343;0.0;0.0;1;0.950014174125;0;2
577.7396;2.7135;4.5225e-05;0.00399931122343;0.000417991245954;0.0011342192459;0.00286509197753;1.23327567938e-05;0;0;0.00113052314751;0.00402850736825;0.0;0.0;1;0.950008037488;0;2
580.4402;2.7006;4.501e-05;0.00402850736825;0.000423339750232;0.00114327132948;0.00288523603877;1.22708346044e-05;0;0;0.00113950125629;0.00405747646046;0.0;0.0;1;0.949992607823;0;2
583.1282;2.688;4.48e-05;0.00405747646046;0.000428675395496;0.00115227946309;0.00290519699737;1.22103531142e-05;0;0;0.00114841632361;0.00408620296786;-8.67361737988e-19;0.0;1;0.950005412171;0;2
585.8038;2.6756;4.45933333333e-05;0.00408620296786;0.00043399457406;0.00116119588236;0.0029250070855;1.21508552939e-05;0;0;0.00115721651067;0.00411466607422;0.0;0.0;1;0.950013744062;0;2
588.4671;2.6633;4.43883333333e-05;0.00411466607422;0.00043929264014;0.00116996808849;0.00294469798573;1.2091884785e-05;0;0;0.0011658449699;0.00414283940418;0.0;0.0;1;0.949984032327;0;2
591.1184;2.6513;4.41883333333e-05;0.00414283940418;0.000444563834498;0.00117867209441;0.00296416730977;1.20343472387e-05;0;0;0.00117437276785;0.00417069406371;-8.67361737988e-19;0.0;1;0.949989354105;0;2
593.7579;2.6395;4.39916666667e-05;0.00417069406371;0.000449801833592;0.00118725193977;0.00298344212395;1.1977786208e-05;0;0;0.00118273947329;0.00419819547769;0.0;0.0;1;0.949996390263;0;2
596.3858;2.6279;4.37983333333e-05;0.00419819547769;0.000454999141768;0.00119569224465;0.00300250323304;1.19221994497e-05;0;0;0.00119092533819;0.00422530470511;0.0;0.0;1;0.950007129579;0;2
599.0022;2.6164;4.36066666667e-05;0.00422530470511;0.000460147319225;0.00120392944602;0.00302137525909;1.1867131329e-05;0;0;0.00119886309578;0.00425197789021;0.0;0.0;1;0.949987217468;0;2
601.6074;2.6052;4.342e-05;0.00425197789021;0.000465236862108;0.00121203507316;0.00303994281704;1.18134868617e-05;0;0;0.00120662071212;0.0042781700423;8.67361737988e-19;0.0;1;0.950010879472;0;2
604.2015;2.5941;4.3235e-05;0.0042781700423;0.000470257912922;0.00121989605191;0.00305827399039;1.1760357073e-05;0;0;0.00121408320093;0.00430383183425;-8.67361737988e-19;0.0;1;0.950007389729;0;2
606.7847;2.5832;4.30533333333e-05;0.00430383183425;0.000475199644892;0.00122753572268;0.00307629611156;1.17081935261e-05;0;0;0.00122127249173;0.0043289137431;8.67361737988e-19;0.0;1;0.950014763075;0;2
609.3571;2.5724;4.28733333333e-05;0.0043289137431;0.000480051054351;0.00123488333221;0.00309403041089;1.16565412391e-05;0;0;0.00122811805018;0.00435336525317;0.0;0.0;1;0.949997901415;0;2
611.9189;2.5618;4.26966666667e-05;0.00435336525317;0.000484800814341;0.00124196272618;0.00311140252699;1.16058516611e-05;0;0;0.00123464472862;0.00437713807061;8.67361737988e-19;0.0;1;0.949995080002;0;2
614.4703;2.5514;4.25233333333e-05;0.00437713807061;0.0004894379093;0.00124875188179;0.00312838618882;1.15561229435e-05;0;0;0.00124083296031;0.00440018635953;-8.67361737988e-19;0.0;1;0.950008077944;0;2
617.0114;2.5411;4.23516666667e-05;0.00440018635953;0.00049395170124;0.00125518066802;0.00314500569151;1.15069005578e-05;0;0;0.00124661658132;0.00442246703894;0.0;0.0;1;0.950001260272;0;2
619.5424;2.531;4.21833333333e-05;0.00442246703894;0.000498332008851;0.0012612783144;0.00316118872453;1.14586357827e-05;0;0;0.00125202924831;0.0044439426704;-8.67361737988e-19;0.0;1;0.9500132867;0;2
622.0634;2.521;4.20166666667e-05;0.0044439426704;0.000502569699658;0.00126697821284;0.00317696445756;1.14108743747e-05;0;0;0.00125701031348;0.00446458056334;0.0;0.0;1;0.950008174756;0;2
624.5745;2.5111;4.18516666667e-05;0.00446458056334;0.000506656543191;0.00127226524561;0.00319231531773;1.13636150567e-05;0;0;0.00126155101721;0.00448435438655;8.67361737988e-19;0.0;1;0.94998700894;0;2
627.0759;2.5014;4.169e-05;0.00448435438655;0.000510585557439;0.00127717871338;0.00320717567317;1.13173089274e-05;0;0;0.0012656970124;0.00450324537664;0.0;0.0;1;0.949988835596;0;2
629.5678;2.4919;4.15316666667e-05;0.00450324537664;0.000514351279116;0.00128171195243;0.00322153342421;1.12719543969e-05;0;0;0.00126944853242;0.0045212416689;8.67361737988e-19;0.0;1;0.950015289472;0;2
632.0502;2.4824;4.13733333333e-05;0.0045212416689;0.000517949659621;0.00128575823504;0.00323548343386;1.12266456049e-05;0;0;0.00127270678593;0.00453833690751;0.0;0.0;1;0.949991442365;0;2
634.5233;2.4731;4.12183333333e-05;0.00453833690751;0.000521377810693;0.00128941946363;0.00324891744389;1.11822859081e-05;0;0;0.00127557950069;0.004554532992;0.0;0.0;1;0.949994555192;0;2
636.9872;2.4639;4.1065e-05;0.004554532992;0.000524634575333;0.00129264713016;0.00326188586183;1.11384218511e-05;0;0;0.00127802505483;0.00456983749481;0.0;0.0;1;0.94998764449;0;2
639.4421;2.4549;4.0915e-05;0.00456983749481;0.000527720028917;0.00129549989899;0.00327433759582;1.1095504233e-05;0;0;0.00128010739151;0.00458426448309;0.0;0.0;1;0.950010389848;0;2
641.888;2.4459;4.0765e-05;0.00458426448309;0.000530635658018;0.00129788175595;0.00328638272715;1.10526280511e-05;0;0;0.0012817369657;0.0045978320648;-8.67361737988e-19;0.0;1;0.949986643426;0;2
644.3251;2.4371;4.06183333333e-05;0.0045978320648;0.000533383874729;0.0012999098411;0.00329792222369;1.10106960442e-05;0;0;0.00128303425572;0.0046105641167;0.0;0.0;1;0.94999475272;0;2
646.7535;2.4284;4.04733333333e-05;0.0046105641167;0.000535968371872;0.00130154559425;0.00330901852245;1.09692552371e-05;0;0;0.00128396516462;0.00462248776517;0.0;0.0;1;0.949997095652;0;2
649.1733;2.4198;4.033e-05;0.00462248776517;0.000538393615992;0.00130280487198;0.00331968289319;1.09283046519e-05;0;0;0.00128454869158;0.00463363328012;-8.67361737988e-19;0.0;1;0.949994593944;0;2
651.5846;2.4113;4.01883333333e-05;0.00463363328012;0.000540664824901;0.00130370509228;0.00332992818784;1.08878433341e-05;0;0;0.0012848046904;0.00464403336824;0.0;0.0;1;0.949988156556;0;2
653.9876;2.403;4.005e-05;0.00464403336824;0.000542787821265;0.0013043191345;0.00333971423374;1.08483217158e-05;0;0;0.00128480699704;0.00465372290907;0.0;0.0;1;0.950018214636;0;2
656.3823;2.3947;3.99116666667e-05;0.00465372290907;0.000544768974634;0.00130455826356;0.00334916464551;1.08088359906e-05;0;0;0.00128446960166;0.00466273707785;0.0;0.0;1;0.950006855662;0;2
658.7688;2.3865;3.9775e-05;0.00466273707785;0.000546614811927;0.00130449624866;0.00335824082918;1.07698368034e-05;0;0;0.00128386612303;0.00467111211541;0.0;0.0;1;0.94999421175;0;2
661.1472;2.3784;3.964e-05;0.00467111211541;0.000548332167678;0.00130415322761;0.0033669588878;1.07313232849e-05;0;0;0.00128301681931;0.00467888438383;0.0;0.0;1;0.94998114356;0;2
663.5177;2.3705;3.95083333333e-05;0.00467888438383;0.000549927983615;0.00130360428516;0.00337528009867;1.06937456224e-05;0;0;0.00128199556921;0.00468609025559;0.0;0.0;1;0.950008576608;0;2
665.8803;2.3626;3.93766666667e-05;0.00468609025559;0.000551409278473;0.00130275956132;0.00338333069427;1.06562007527e-05;0;0;0.0012807136509;0.00469276481109;0.0;0.0;1;0.949997462889;0;2
668.2351;2.3548;3.92466666667e-05;0.00469276481109;0.000552782872721;0.00130169310868;0.00339107170241;1.06191390636e-05;0;0;0.00127924332708;0.00469894255709;-8.67361737988e-19;0.0;1;0.949988437029;0;2
670.5822;2.3471;3.91183333333e-05;0.00469894255709;0.000554055528695;0.0013004237314;0.00339851882569;1.05825597617e-05;0;0;0.00127760225223;0.00470465685149;8.67361737988e-19;0.0;1;0.949982315411;0;2
672.9217;2.3395;3.89916666667e-05;0.00470465685149;0.000555233825395;0.00129896953451;0.00340568731698;1.05464620713e-05;0;0;0.0012758072109;0.00470993973248;8.67361737988e-19;0.0;1;0.949979903923;0;2
675.2537;2.332;3.88666666667e-05;0.00470993973248;0.000556324116725;0.0012973478402;0.00341259189228;1.05108452339e-05;0;0;0.00127387408131;0.00471482179502;0.0;0.0;1;0.949981998173;0;2
677.5783;2.3246;3.87433333333e-05;0.00471482179502;0.00055733249998;0.00129557512945;0.00341924666557;1.04757085072e-05;0;0;0.00127181781806;0.00471933210845;0.0;0.0;1;0.949989383717;0;2
679.8956;2.3173;3.86216666667e-05;0.00471933210845;0.000558264793326;0.00129366700557;0.00342566510288;1.04410511653e-05;0;0;0.00126965245067;0.00472349816905;0.0;0.0;1;0.95000283626;0;2
682.2056;2.31;3.85e-05;0.00472349816905;0.000559126521053;0.00129158226363;0.00343191590542;1.04064220785e-05;0;0;0.00126733623202;0.00472734571536;8.67361737988e-19;0.0;1;0.949981997107;0;2
684.5085;2.3029;3.83816666667e-05;0.00472734571536;0.000559922870911;0.00128944637942;0.00343789933593;1.03727215385e-05;0;0;0.00126499097745;0.00473089925852;0.0;0.0;1;0.950009616867;0;2
686.8043;2.2958;3.82633333333e-05;0.00473089925852;0.000560658799956;0.00128716047294;0.00344373878558;1.03390480227e-05;0;0;0.00126251834214;0.00473418141302;0.0;0.0;1;0.950004195537;0;2
689.0931;2.2888;3.81466666667e-05;0.00473418141302;0.00056133889258;0.00128479245734;0.00344938895569;1.03058513555e-05;0;0;0.00125998367783;0.00473721344882;0.0;0.0;1;0.950007471834;0;2
691.375;2.2819;3.80316666667e-05;0.00473721344882;0.00056196747178;0.00128235357385;0.00345485987497;1.02731308806e-05;0;0;0.00125739675338;0.00474001516413;0.0;0.0;1;0.950020178956;0;2
693.65;2.275;3.79166666667e-05;0.00474001516413;0.000562548570221;0.00127979799725;0.00346021716688;1.02404358982e-05;0;0;0.00125471143498;0.00474260483263;0.0;0.0;1;0.950001283029;0;2
695.9182;2.2682;3.78033333333e-05;0.00474260483263;0.000563085916974;0.00127719147688;0.00346541335575;1.02082160483e-05;0;0;0.00125199104986;0.0047449995229;8.67361737988e-19;0.0;1;0.949992884128;0;2
698.1797;2.2615;3.76916666667e-05;0.0047449995229;0.000563583001808;0.00127454295859;0.00347045656431;1.01764707107e-05;0;0;0.00124924326624;0.0047472150265;0.0;0.0;1;0.949995693295;0;2
700.4346;2.2549;3.75816666667e-05;0.0047472150265;0.000564043058591;0.00127186069282;0.00347535433369;1.01451992782e-05;0;0;0.00124647512981;0.00474926593088;0.0;0.0;1;0.950010413233;0;2
702.6829;2.2483;3.74716666667e-05;0.00474926593088;0.000564469078961;0.00126909583023;0.00348017010065;1.01139513758e-05;0;0;0.00124363779213;0.00475116560807;0.0;0.0;1;0.949995484527;0;2
704.9247;2.2418;3.73633333333e-05;0.00475116560807;0.000564863808724;0.0012663116864;0.00348485392167;1.00831764043e-05;0;0;0.00124079239565;0.00475292647425;0.0;0.0;1;0.949993480771;0;2
707.1601;2.2354;3.72566666667e-05;0.00475292647425;0.000565229800698;0.00126351469648;0.00348941177777;1.0052873789e-05;0;0;0.00123794438484;0.00475455995549;0.0;0.0;1;0.950005084091;0;2
709.3891;2.229;3.715e-05;0.00475455995549;0.0005655694067;0.00126065420754;0.00349390574796;1.00225933879e-05;0;0;0.00123504333413;0.0047560764887;-8.67361737988e-19;0.0;1;0.949988349349;0;2
711.6118;2.2227;3.7045e-05;0.0047560764887;0.000565884776966;0.00125779209376;0.00349828439494;9.99278442577e-06;0;0;0.00123214912751;0.00475748573803;0.0;0.0;1;0.949986201004;0;2
713.8283;2.2165;3.69416666667e-05;0.00475748573803;0.000566177904473;0.00125493332526;0.00350255241276;9.96344635759e-06;0;0;0.00122926594077;0.00475879657384;0.0;0.0;1;0.949999301587;0;2
716.0386;2.2103;3.68383333333e-05;0.00475879657384;0.000566450620024;0.00125202580544;0.0035067707684;9.9341292674e-06;0;0;0.00122634210512;0.00476001707758;-8.67361737988e-19;0.0;1;0.949985326228;0;2
718.2428;2.2042;3.67366666667e-05;0.00476001707758;0.000566704592775;0.0012491302634;0.00351088681419;9.90528220663e-06;0;0;0.00122343652125;0.0047611547199;0.0;0.0;1;0.949987545762;0;2
720.441;2.1982;3.66366666667e-05;0.0047611547199;0.000566941366884;0.00124625051268;0.00351490420721;9.8769046583e-06;0;0;0.00122055237676;0.00476221634599;0.0;0.0;1;0.950006603759;0;2
722.6332;2.1922;3.65366666667e-05;0.00476221634599;0.000567162358137;0.00124333332151;0.00351888302448;9.84854692498e-06;0;0;0.0012176370361;0.00476320818032;8.67361737988e-19;0.0;1;0.949999800942;0;2
724.8195;2.1863;3.64383333333e-05;0.00476320818032;0.000567368854628;0.00124043852687;0.00352276965345;9.82065788829e-06;0;0;0.00121474864336;0.00476413597225;0.0;0.0;1;0.950010749496;0;2
726.9999;2.1804;3.634e-05;0.00476413597225;0.000567562046829;0.00123751228691;0.00352662368534;9.7927879917e-06;0;0;0.00121183404696;0.00476500494431;0.0;0.0;1;0.949996503783;0;2
729.1745;2.1746;3.62433333333e-05;0.00476500494431;0.000567743016615;0.00123461396393;0.00353039098038;9.76538600432e-06;0;0;0.0012089509918;0.00476581991951;0.0;0.0;1;0.950000900918;0;2
731.3433;2.1688;3.61466666667e-05;0.00476581991951;0.000567912763593;0.00123168920168;0.00353413071783;9.73800250772e-06;0;0;0.00120604589305;0.00476658527504;8.67361737988e-19;0.0;1;0.949980749442;0;2
733.5064;2.1631;3.60516666667e-05;0.00476658527504;0.000568072195316;0.00122879696569;0.00353778830935;9.71108616003e-06;0;0;0.00120317616374;0.00476730505359;0.0;0.0;1;0.949980106952;0;2
735.6639;2.1575;3.59583333333e-05;0.00476730505359;0.000568222150344;0.00122593928937;0.00354136576423;9.68463650008e-06;0;0;0.00120034349182;0.00476798295288;0.0;0.0;1;0.949999567229;0;2
737.8158;2.1519;3.5865e-05;0.00476798295288;0.000568363395943;0.00122306119173;0.00354492176115;9.65820431306e-06;0;0;0.00119749376841;0.00476862232525;0.0;0.0;1;0.949995565093;0;2
739.9622;2.1464;3.57733333333e-05;0.00476862232525;0.000568496627923;0.00122022116217;0.00354840116307;9.63223809473e-06;0;0;0.00119468401067;0.00476922626898;0.0;0.0;1;0.950012473343;0;2
742.1031;2.1409;3.56816666667e-05;0.00476922626898;0.000568622489581;0.00121736388794;0.00355186238103;9.60628876177e-06;0;0;0.00119185983219;0.00476979759113;0.0;0.0;1;0.950006470981;0;2
744.2386;2.1355;3.55916666667e-05;0.00476979759113;0.000568741563888;0.00121454760968;0.00355524998145;9.58080470244e-06;0;0;0.00118907804446;0.00477033888787;0.0;0.0;1;0.950022126005;0;2
746.3687;2.1301;3.55016666667e-05;0.00477033888787;0.000568854390175;0.00121171673651;0.00355862215136;9.55533696247e-06;0;0;0.00118628402876;0.00477085250982;-8.67361737988e-19;0.0;1;0.950015348571;0;2
748.4934;2.1247;3.54116666667e-05;0.00477085250982;0.000568961456866;0.0012088724074;0.00356198010242;9.5298853531e-06;0;0;0.00118347872631;0.00477134061005;0.0;0.0;1;0.949986169505;0;2
750.6128;2.1194;3.53233333333e-05;0.00477134061005;0.000569063211434;0.00120607257031;0.00356526803973;9.50489810255e-06;0;0;0.00118071870773;0.00477180518269;0.0;0.0;1;0.949979409149;0;2
752.727;2.1142;3.52366666667e-05;0.00477180518269;0.000569160068425;0.00120331821666;0.00356848696603;9.48037480191e-06;0;0;0.00117800479459;0.00477224805249;0.0;0.0;1;0.949995466656;0;2
754.836;2.109;3.515e-05;0.00477224805249;0.000569252407238;0.00120055332687;0.00357169472562;9.45586674797e-06;0;0;0.00117528201055;0.00477267086942;0.0;0.0;1;0.949989640191;0;2
756.9399;2.1039;3.5065e-05;0.00477267086942;0.000569340570991;0.00119783562731;0.00357483524212;9.43182201468e-06;0;0;0.00117260674487;0.00477307516497;0.0;0.0;1;0.950006919717;0;2
759.0387;2.0988;3.498e-05;0.00477307516497;0.000569424878216;0.0011951089344;0.00357796623057;9.40779202099e-06;0;0;0.00116992388436;0.00477346232291;0.0;0.0;1;0.950002239377;0;2
761.1325;2.0938;3.48966666667e-05;0.00477346232291;0.000569505616766;0.00119243086039;0.00358103146253;9.38422473874e-06;0;0;0.00116728972536;0.00477383362981;0.0;0.0;1;0.950020641452;0;2
763.2213;2.0888;3.48133333333e-05;0.00477383362981;0.000569583054316;0.00118974508386;0.00358408854596;9.36067170688e-06;0;0;0.00116464903963;0.00477419024721;0.0;0.0;1;0.950016644938;0;2
765.3051;2.0838;3.473e-05;0.00477419024721;0.000569657432552;0.00118705215795;0.00358713808926;9.33713276861e-06;0;0;0.00116200228413;0.00477453324062;0.0;0.0;1;0.949989697138;0;2
767.384;2.0789;3.46483333333e-05;0.00477453324062;0.000569728973209;0.00118440956241;0.00359012367821;9.31405574374e-06;0;0;0.00115940564785;0.00477486360365;0.0;0.0;1;0.94998481146;0;2
769.4581;2.0741;3.45683333333e-05;0.00477486360365;0.00056979788309;0.00118181778932;0.00359304581433;9.29144026738e-06;0;0;0.00115685954;0.00477518224739;0.0;0.0;1;0.950001587509;0;2
771.5274;2.0693;3.44883333333e-05;0.00477518224739;0.000569864351843;0.00117922030327;0.00359596194412;9.26883811237e-06;0;0;0.00115430855336;0.00477548999271;0.0;0.0;1;0.94999355458;0;2
773.592;2.0646;3.441e-05;0.00477548999271;0.000569928550345;0.00117667448504;0.00359881550767;9.2466969518e-06;0;0;0.00115180879727;0.00477578760799;0.0;0.0;1;0.950005573793;0;2
775.6519;2.0599;3.43316666667e-05;0.00477578760799;0.000569990638571;0.00117412371639;0.00360166389159;9.2245686725e-06;0;0;0.00114930479503;0.00477607578461;0.0;0.0;1;0.949990621436;0;2
777.7072;2.0553;3.4255e-05;0.00477607578461;0.000570050760473;0.001171625328;0.00360445045661;9.2029008504e-06;0;0;0.00114685261594;0.0047763551717;0.0;0.0;1;0.949993421024;0;2
779.758;2.0508;3.418e-05;0.0047763551717;0.000570109051215;0.00116917964223;0.00360717552947;9.18169314572e-06;0;0;0.00114445252935;0.00477662636568;0.0;0.0;1;0.95001271592;0;2
781.8043;2.0463;3.4105e-05;0.00477662636568;0.000570165635003;0.00116672993891;0.00360989642677;9.16049761389e-06;0;0;0.00114204897275;0.00477688990191;0.0;0.0;1;0.95000065455;0;2
783.8462;2.0419;3.40316666667e-05;0.00477688990191;0.000570220623329;0.00116433349077;0.00361255641113;9.13976168837e-06;0;0;0.00113969796958;0.00477714628569;-8.67361737988e-19;0.0;1;0.950001778759;0;2
785.8838;2.0376;3.396e-05;0.00477714628569;0.000570274121432;0.00116199054983;0.00361515573586;9.11948504366e-06;0;0;0.00113739973117;0.00477739598199;0.0;0.0;1;0.950014373818;0;2
787.9171;2.0333;3.38883333333e-05;0.00477739598199;0.000570326226163;0.00115964431566;0.00361775166633;9.09921989961e-06;0;0;0.00113509862713;0.0047776394069;8.67361737988e-19;0.0;1;0.949989888894;0;2
789.9463;2.0292;3.382e-05;0.0047776394069;0.000570377024188;0.00115740905748;0.00362023034941;9.07986096011e-06;0;0;0.00113290647891;0.00477787696737;8.67361737988e-19;0.0;1;0.950019660239;0;2
791.9714;2.0251;3.37516666667e-05;0.00477787696737;0.000570426600286;0.00115517090824;0.00362270605913;9.06051299368e-06;0;0;0.00113071180262;0.00477810901542;0.0;0.0;1;0.950008282111;0;2
793.9925;2.0211;3.3685e-05;0.00477810901542;0.000570475027787;0.00115298707866;0.00362512193676;9.04162320306e-06;0;0;0.00112857057351;0.00477833588707;0.0;0.0;1;0.950000402889;0;2
796.0097;2.0172;3.362e-05;0.00477833588707;0.000570522376694;0.00115085773827;0.0036274781488;9.0231912859e-06;0;0;0.00112648293491;0.00477855789243;0.0;0.0;1;0.949994068023;0;2
798.0231;2.0134;3.35566666667e-05;0.00477855789243;0.000570568711617;0.00114878304397;0.00362977484846;9.00521694452e-06;0;0;0.00112444901971;0.00477877531789;0.0;0.0;1;0.949987383227;0;2
800.0328;2.0097;3.3495e-05;0.00477877531789;0.000570614092227;0.00114676314115;0.00363201217674;8.98769988585e-06;0;0;0.00112246895128;0.00477898842814;-8.67361737988e-19;0.0;1;0.949978552744;0;2
802.039;2.0062;3.34366666667e-05;0.00477898842814;0.000570658573672;0.0011448552305;0.00363413319763;8.97108694171e-06;0;0;0.00112059870104;0.0047791974784;0.0;0.0;1;0.950013269648;0;2
804.0417;2.0027;3.33783333333e-05;0.0047791974784;0.000570702209138;0.00114294531424;0.00363625216415;8.95448349243e-06;0;0;0.00111872667039;0.00477940268439;0.0;0.0;1;0.949995497337;0;2
806.0411;1.9994;3.33233333333e-05;0.00477940268439;0.000570745043571;0.00114114764012;0.00363825504427;8.93878350022e-06;0;0;0.00111696467196;0.00477960426607;0.0;0.0;1;0.950018639226;0;2
808.0372;1.9961;3.32683333333e-05;0.00477960426607;0.00057078712281;0.00113934817584;0.00364025609023;8.92309254349e-06;0;0;0.00111520107646;0.00477980240748;0.0;0.0;1;0.949986745523;0;2
810.0302;1.993;3.32166666667e-05;0.00477980240748;0.000570828485201;0.00113766117101;0.00364214123647;8.90830440419e-06;0;0;0.00111354770012;0.00477999729886;0.0;0.0;1;0.949994004084;0;2
812.0202;1.99;3.31666666667e-05;0.00477999729886;0.000570869170394;0.00113602964909;0.00364396764977;8.893971743e-06;0;0;0.00111194876258;0.00478018910727;-8.67361737988e-19;0.0;1;0.949992384574;0;2
814.0073;1.9871;3.31183333333e-05;0.00478018910727;0.000570909213205;0.00113445369756;0.00364573540971;8.88009429774e-06;0;0;0.0011104043392;0.00478037798795;0.0;0.0;1;0.949981552658;0;2
815.9917;1.9844;3.30733333333e-05;0.00478037798795;0.000570948645982;0.00113299049309;0.00364738749487;8.86711860554e-06;0;0;0.00110897038507;0.00478056409467;8.67361737988e-19;0.0;1;0.95000930927;0;2
817.9734;1.9817;3.30283333333e-05;0.00478056409467;0.000570987500775;0.00113152593029;0.00364903816438;8.85415072974e-06;0;0;0.0011075352051;0.00478074755208;0.0;0.0;1;0.949980218353;0;2
819.9526;1.9792;3.29866666667e-05;0.00478074755208;0.000571025803565;0.00113017427042;0.00365057328167;8.84208401145e-06;0;0;0.00110621063023;0.00478092849455;0.0;0.0;1;0.949990449489;0;2
821.9294;1.9768;3.29466666667e-05;0.00478092849455;0.000571063582352;0.00112887848959;0.00365205000496;8.83047136321e-06;0;0;0.00110494083816;0.00478110703842;8.67361737988e-19;0.0;1;0.949992846519;0;2
823.9039;1.9745;3.29083333333e-05;0.00478110703842;0.000571100861387;0.00112763865081;0.00365346838761;8.81931254219e-06;0;0;0.00110372588387;0.00478128329228;-8.67361737988e-19;0.0;1;0.94998827926;0;2
825.8762;1.9723;3.28716666667e-05;0.00478128329228;0.0005711376633;0.00112645481333;0.00365482847895;8.80860730887e-06;0;0;0.00110256581923;0.00478145735754;0.0;0.0;1;0.949977816724;0;2
827.8465;1.9703;3.28383333333e-05;0.00478145735754;0.00057117400923;0.00112538415039;0.00365607320715;8.79880195437e-06;0;0;0.00110151659927;0.0047816293378;0.0;0.0;1;0.950010922503;0;2
829.8148;1.9683;3.2805e-05;0.0047816293378;0.000571209920771;0.00112431248705;0.00365731685075;8.78900310275e-06;0;0;0.0011004664652;0.00478179931285;0.0;0.0;1;0.949992662246;0;2
831.7813;1.9665;3.2775e-05;0.00478179931285;0.000571245414546;0.00112335410771;0.00365844520514;8.78010357987e-06;0;0;0.00109952727282;0.00478196737438;8.67361737988e-19;0.0;1;0.950020994842;0;2
833.746;1.9647;3.2745e-05;0.00478196737438;0.000571280509676;0.00112239481736;0.00365957255702;8.77121019157e-06;0;0;0.00109858724477;0.0047821335916;0.0;0.0;1;0.950001032026;0;2
835.709;1.963;3.27166666667e-05;0.0047821335916;0.000571315220577;0.00112149177799;0.00366064181361;8.76276924117e-06;0;0;0.00109770232662;0.00478229803765;0.0;0.0;1;0.949982724337;0;2
837.6705;1.9615;3.26916666667e-05;0.00478229803765;0.000571349562496;0.00112070216684;0.00366159587081;8.75522681781e-06;0;0;0.00109692847895;0.00478246078961;0.0;0.0;1;0.950016305541;0;2
839.6305;1.96;3.26666666667e-05;0.00478246078961;0.000571383551501;0.00111991176094;0.00366254902867;8.74768999608e-06;0;0;0.00109615389828;0.00478262190362;0.0;0.0;1;0.950006829886;0;2
841.5891;1.9586;3.26433333333e-05;0.00478262190362;0.000571417199291;0.00111917772653;0.00366344417709;8.74060495679e-06;0;0;0.00109543453507;0.00478278144054;0.0;0.0;1;0.950004527122;0;2
843.5464;1.9573;3.26216666667e-05;0.00478278144054;0.000571450518547;0.00111850009995;0.00366428134059;8.7339714866e-06;0;0;0.00109477042193;0.0047829394577;0.0;0.0;1;0.950011285319;0;2
845.5024;1.956;3.26e-05;0.0047829394577;0.000571483521223;0.00111782176751;0.00366511769019;8.72734323377e-06;0;0;0.0010941056542;0.00478309600115;-8.67361737988e-19;0.0;1;0.949980422019;0;2
847.4573;1.9549;3.25816666667e-05;0.00478309600115;0.000571516216912;0.00111725705244;0.00366583894871;8.72161235591e-06;0;0;0.00109355212714;0.00478325113016;0.0;0.0;1;0.950010883428;0;2
849.4111;1.9538;3.25633333333e-05;0.00478325113016;0.000571548617969;0.00111669168979;0.00366655944038;8.71588636438e-06;0;0;0.00109299799775;0.00478340488509;0.0;0.0;1;0.950007382901;0;2
851.3639;1.9528;3.25466666667e-05;0.00478340488509;0.000571580732804;0.00111618285502;0.00366722203007;8.71061123781e-06;0;0;0.00109249922631;0.00478355731181;0.0;0.0;1;0.950020271556;0;2
853.3157;1.9518;3.253e-05;0.00478355731181;0.000571612570978;0.00111567341604;0.00366788389578;8.70534079941e-06;0;0;0.00109199989102;0.004783708446;8.67361737988e-19;0.0;1;0.950002644681;0;2
855.2666;1.9509;3.2515e-05;0.004783708446;0.000571644139923;0.00111522055258;0.00366848789342;8.7005209474e-06;0;0;0.00109155595656;0.00478385832903;0.0;0.0;1;0.950004823866;0;2
857.2166;1.95;3.25e-05;0.00478385832903;0.000571675448264;0.00111476712412;0.00366909120492;8.69570559047e-06;0;0;0.00109111149321;0.00478400699254;0.0;0.0;1;0.949979759166;0;2
859.1658;1.9492;3.24866666667e-05;0.00478400699254;0.000571706502589;0.00111437031485;0.00366963667769;8.69134054708e-06;0;0;0.00109072247021;0.00478415447403;0.0;0.0;1;0.949977712736;0;2
861.1143;1.9485;3.2475e-05;0.00478415447403;0.000571737310714;0.00111403014993;0.0036701243241;8.68742562187e-06;0;0;0.00109038891069;0.00478430080916;0.0;0.0;1;0.95000023206;0;2
863.0621;1.9478;3.24633333333e-05;0.00478430080916;0.000571767880076;0.00111368947681;0.00367061133235;8.68351485071e-06;0;0;0.0010900548736;0.00478444602443;8.67361737988e-19;0.0;1;0.950000024407;0;2
865.0092;1.9471;3.24516666667e-05;0.00478444602443;0.000571798216188;0.00111334830674;0.00367109771769;8.67960820342e-06;0;0;0.00108972036878;0.00478459014493;0.0;0.0;1;0.949978436223;0;2
866.9557;1.9465;3.24416666667e-05;0.00478459014493;0.000571828324279;0.00111306383321;0.00367152631172;8.67615134088e-06;0;0;0.00108944137483;0.00478473320188;-8.67361737988e-19;0.0;1;0.949985560719;0;2
868.9017;1.946;3.24333333333e-05;0.00478473320188;0.000571858210855;0.00111283607832;0.00367189712355;8.67314407407e-06;0;0;0.00108921791227;0.00478487522508;0.0;0.0;1;0.950022685285;0;2
870.8471;1.9454;3.24233333333e-05;0.00478487522508;0.000571887882128;0.00111255068589;0.00367232453919;8.66969499352e-06;0;0;0.00108893805095;0.00478501622847;0.0;0.0;1;0.949993363757;0;2
872.792;1.9449;3.2415e-05;0.00478501622847;0.000571917340997;0.0011123220365;0.00367269419197;8.66669537392e-06;0;0;0.00108871374304;0.00478515623964;0.0;0.0;1;0.94999633848;0;2
874.7364;1.9444;3.24066666667e-05;0.00478515623964;0.000571946593208;0.00111209295583;0.0036730632838;8.6636994978e-06;0;0;0.00108848902684;0.00478529527781;0.0;0.0;1;0.949983849842;0;2
876.6804;1.944;3.24e-05;0.00478529527781;0.000571975642769;0.00111192064954;0.00367337462827;8.6611528321e-06;0;0;0.00108831989304;0.00478543336848;-8.67361737988e-19;0.0;1;0.950005755985;0;2
878.624;1.9436;3.23933333333e-05;0.00478543336848;0.00057200449499;0.00111174793646;0.00367368543202;8.65860974037e-06;0;0;0.00108815037341;0.00478557052902;0.0;0.0;1;0.950014155003;0;2
880.5672;1.9432;3.23866666667e-05;0.00478557052902;0.000572033153489;0.00111157482386;0.00367399570516;8.65607019776e-06;0;0;0.00108798047439;0.00478570677602;0.0;0.0;1;0.950009925552;0;2
882.51;1.9428;3.238e-05;0.00478570677602;0.00057206162172;0.00111140131868;0.00367430545734;8.65353417968e-06;0;0;0.0010878102022;0.00478584212536;8.67361737988e-19;0.0;1;0.949993895778;0;2
884.4525;1.9425;3.2375e-05;0.00478584212536;0.00057208990299;0.00111128463656;0.0036745574888;8.6514470001e-06;0;0;0.00108769555739;0.0047859765992;0.0;0.0;1;0.950015752046;0;2
886.3946;1.9421;3.23683333333e-05;0.0047859765992;0.000572118001915;0.00111111037152;0.00367486622768;8.64891788143e-06;0;0;0.00108752456192;0.00478611020505;8.67361737988e-19;0.0;1;0.949978429766;0;2
888.3364;1.9418;3.23633333333e-05;0.00478611020505;0.000572145920055;0.00111099294756;0.00367511725748;8.64683747723e-06;0;0;0.00108740921041;0.00478624296375;-8.67361737988e-19;0.0;1;0.949980428854;0;2
890.278;1.9416;3.236e-05;0.00478624296375;0.000572173661755;0.00111093238166;0.00367531058209;8.64520561166e-06;0;0;0.00108734951896;0.00478637489544;0.0;0.0;1;0.950022423815;0;2
892.2193;1.9413;3.2355e-05;0.00478637489544;0.000572201231208;0.00111081425014;0.0036755606453;8.64313173877e-06;0;0;0.00108723349241;0.00478650600597;0.0;0.0;1;0.950007171035;0;2
894.1603;1.941;3.235e-05;0.00478650600597;0.000572228629628;0.00111069577011;0.00367581023586;8.64106113637e-06;0;0;0.0010871171329;0.00478663630762;0.0;0.0;1;0.949984149998;0;2
896.1011;1.9408;3.23466666667e-05;0.00478663630762;0.000572255859572;0.00111063417226;0.00367600213536;8.6394388931e-06;0;0;0.0010870564558;0.00478676581894;0.0;0.0;1;0.950002837985;0;2
898.0417;1.9406;3.23433333333e-05;0.00478676581894;0.000572282924905;0.00111057224407;0.00367619357487;8.6378197641e-06;0;0;0.00108699546277;0.00478689455121;0.0;0.0;1;0.950014796927;0;2
899.9821;1.9404;3.234e-05;0.00478689455121;0.000572309827975;0.0011105099902;0.003676384561;8.63620372861e-06;0;0;0.00108693415804;0.00478702251531;0.0;0.0;1;0.950020486494;0;2
901.9223;1.9402;3.23366666667e-05;0.00478702251531;0.000572336571047;0.00111044741515;0.00367657510017;8.63459076608e-06;0;0;0.0010868725457;0.00478714972177;0.0;0.0;1;0.950020336057;0;2
903.8623;1.94;3.23333333333e-05;0.00478714972177;0.000572363156307;0.00111038452324;0.00367676519853;8.63298085615e-06;0;0;0.00108681062971;0.00478727618072;8.67361737988e-19;0.0;1;0.950014746442;0;2
905.8021;1.9398;3.233e-05;0.00478727618072;0.000572389585869;0.00111032131867;0.00367695486205;8.63137397864e-06;0;0;0.00108674841392;0.004787401902;0.0;0.0;1;0.950004091623;0;2
907.7417;1.9396;3.23266666667e-05;0.004787401902;0.000572415861777;0.0011102578055;0.00367714409649;8.62977011356e-06;0;0;0.00108668590205;0.0047875268951;0.0;0.0;1;0.94998872035;0;2
909.6812;1.9395;3.2325e-05;0.0047875268951;0.000572441986007;0.00111025123186;0.00367727566324;8.6286140931e-06;0;0;0.00108667912654;0.00478765117569;0.0;0.0;1;0.950017940316;0;2
911.6205;1.9393;3.23216666667e-05;0.00478765117569;0.000572467961824;0.00111018711837;0.00367746405733;8.62701612082e-06;0;0;0.00108661603831;0.00478777474618;0.0;0.0;1;0.949994096799;0;2
913.5597;1.9392;3.232e-05;0.00478777474618;0.000572493789723;0.00111017995703;0.00367759478915;8.62586588192e-06;0;0;0.00108660869834;0.00478789762161;8.67361737988e-19;0.0;1;0.950015436332;0;2
915.4987;1.939;3.23166666667e-05;0.00478789762161;0.00057251947284;0.00111011525784;0.00367778236378;8.6242737261e-06;0;0;0.00108654504724;0.00478801980396;0.0;0.0;1;0.949984248339;0;2
917.4376;1.9389;3.2315e-05;0.00478801980396;0.000572545011578;0.00111010752295;0.00367791228101;8.62312919368e-06;0;0;0.00108653715588;0.0047881413077;0.0;0.0;1;0.94999875674;0;2
919.3764;1.9388;3.23133333333e-05;0.0047881413077;0.000572570408957;0.00111009950889;0.00367804179881;8.6219874509e-06;0;0;0.001086528996;0.00478826214069;0.0;0.0;1;0.950010201599;0;2
921.3151;1.9387;3.23116666667e-05;0.00478826214069;0.000572595666612;0.00111009121886;0.00367817092183;8.62084847983e-06;0;0;0.00108652057056;0.00478838231058;0.0;0.0;1;0.950018793638;0;2
923.2536;1.9385;3.23083333333e-05;0.00478838231058;0.000572620786131;0.00111002539391;0.00367835691667;8.6192676624e-06;0;0;0.00108645583627;0.00478850181862;-8.67361737988e-19;0.0;1;0.949975723134;0;2
925.192;1.9384;3.23066666667e-05;0.00478850181862;0.000572645767766;0.00111001655624;0.00367848526238;8.61813425253e-06;0;0;0.00108644688352;0.00478862067831;0.0;0.0;1;0.949979178338;0;2
927.1303;1.9383;3.2305e-05;0.00478862067831;0.000572670614338;0.00111000745177;0.00367861322654;8.61700356119e-06;0;0;0.00108643767376;0.00478873889674;0.0;0.0;1;0.949980328737;0;2
929.0685;1.9382;3.23033333333e-05;0.00478873889674;0.000572695327317;0.00110999808341;0.00367874081333;8.61587557109e-06;0;0;0.00108642820971;0.00478885648081;0.0;0.0;1;0.949979331776;0;2
931.0066;1.9381;3.23016666667e-05;0.00478885648081;0.000572719908138;0.00110998845396;0.00367886802685;8.61475026511e-06;0;0;0.00108641849401;0.00478897343725;-8.67361737988e-19;0.0;1;0.949976333771;0;2
932.9447;1.9381;3.23016666667e-05;0.00478897343725;0.000572744358203;0.00111003584063;0.00367893759662;8.61407205098e-06;0;0;0.00108646458746;0.0047890897787;0.0;0.0;1;0.950020488809;0;1
934.8827;1.938;3.23e-05;0.0047890897787;0.000572768680143;0.00111002570212;0.00367906407658;8.61295199295e-06;0;0;0.00108645438089;0.00478920550547;0.0;0.0;1;0.950013891306;0;2
936.8206;1.9379;3.22983333333e-05;0.00478920550547;0.000572792874022;0.00111001531057;0.00367919019491;8.61183456895e-06;0;0;0.00108644393021;0.00478932062388;0.0;0.0;1;0.950005672088;0;2
938.7584;1.9378;3.22966666667e-05;0.00478932062388;0.000572816941149;0.00111000466856;0.00367931595532;8.61071976247e-06;0;0;0.00108643323785;0.00478943514007;0.0;0.0;1;0.949995940152;0;2
940.6961;1.9377;3.2295e-05;0.00478943514007;0.000572840882804;0.00110999377861;0.00367944136147;8.60960755711e-06;0;0;0.00108642230618;0.00478954906009;0.0;0.0;1;0.949984796725;0;2
942.6338;1.9377;3.2295e-05;0.00478954906009;0.000572864700241;0.00111003992966;0.00367950913043;8.608942189e-06;0;0;0.00108646720747;0.00478966239571;0.0;0.0;1;0.950021364108;0;1
944.5714;1.9376;3.22933333333e-05;0.00478966239571;0.00057288839592;0.00111002855593;0.00367963383978;8.60783506907e-06;0;0;0.00108645580875;0.00478977514679;0.0;0.0;1;0.950007676647;0;2
946.5089;1.9375;3.22916666667e-05;0.00478977514679;0.000572911969801;0.00111001694149;0.0036797582053;8.60673050235e-06;0;0;0.00108644417754;0.004789887319;0.0;0.0;1;0.949992839861;0;2
948.4463;1.9374;3.229e-05;0.004789887319;0.000572935423065;0.00111000508865;0.00367988223036;8.60562847299e-06;0;0;0.00108643231603;0.00478999891791;0.0;0.0;1;0.949976929021;0;2
950.3837;1.9374;3.229e-05;0.00478999891791;0.000572958756868;0.00111005029556;0.00367994862235;8.60497308213e-06;0;0;0.00108647630547;0.00479010995474;0.0;0.0;1;0.950009049271;0;1
952.321;1.9373;3.22883333333e-05;0.00479010995474;0.000572981973553;0.00111003797736;0.00368007197738;8.60387601338e-06;0;0;0.00108646399434;0.00479022042904;-8.67361737988e-19;0.0;1;0.949991198211;0;2
954.2583;1.9373;3.22883333333e-05;0.00479022042904;0.000573005073017;0.00111008272796;0.00368013770108;8.60322548548e-06;0;0;0.00108650754284;0.00479033035176;0.0;0.0;1;0.950021506409;0;1
956.1955;1.9372;3.22866666667e-05;0.00479033035176;0.000573028057547;0.00111006995308;0.00368026039868;8.60213331688e-06;0;0;0.0010864947903;0.00479043972234;0.0;0.0;1;0.950001956003;0;2
958.1326;1.9371;3.2285e-05;0.00479043972234;0.000573050927015;0.00111005695072;0.00368038277162;8.6010436093e-06;0;0;0.00108648181783;0.00479054854584;0.0;0.0;1;0.949981634199;0;2
960.0697;1.9371;3.2285e-05;0.00479054854584;0.000573073682476;0.00111010103032;0.00368044751551;8.60040029783e-06;0;0;0.00108652471767;0.00479065683288;-8.67361737988e-19;0.0;1;0.95000963212;0;1
962.0067;1.937;3.22833333333e-05;0.00479065683288;0.000573096326146;0.00111008758375;0.00368056924913;8.5993154013e-06;0;0;0.00108651131564;0.0047907645827;0.0;0.0;1;0.949987911626;0;2
963.9437;1.937;3.22833333333e-05;0.0047907645827;0.000573118857859;0.00111013122767;0.00368063335503;8.59867680575e-06;0;0;0.00108655379415;0.0047908718057;-8.67361737988e-19;0.0;1;0.950014599942;0;1
965.8806;1.9369;3.22816666667e-05;0.0047908718057;0.000573141279784;0.00111011734481;0.00368075446089;8.59759666237e-06;0;0;0.00108653997012;0.00479097850101;0.0;0.0;1;0.949991647069;0;2
967.8175;1.9369;3.22816666667e-05;0.00479097850101;0.000573163591734;0.00111016056083;0.00368081794018;8.59696272581e-06;0;0;0.0010865820347;0.00479108467883;0.0;0.0;1;0.950017180111;0;1
969.7543;1.9368;3.228e-05;0.00479108467883;0.000573185795835;0.00111014624937;0.00368093842946;8.59588727865e-06;0;0;0.00108656779601;0.00479119033819;0.0;0.0;1;0.949993138329;0;2
971.6911;1.9368;3.228e-05;0.00479119033819;0.00057320789188;0.00111018904499;0.00368100129319;8.5952579451e-06;0;0;0.00108660945383;0.00479129548908;0.0;0.0;1;0.950017649257;0;1
973.6278;1.9367;3.22783333333e-05;0.00479129548908;0.000573229881955;0.00111017431238;0.0036811211767;8.59418713817e-06;0;0;0.00108659480757;0.00479140013046;0.0;0.0;1;0.949992642384;0;2
975.5645;1.9367;3.22783333333e-05;0.00479140013046;0.000573251765835;0.00111021669489;0.00368118343557;8.59356235258e-06;0;0;0.0010866360656;0.00479150427215;0.0;0.0;1;0.95001624614;0;1
977.5011;1.9366;3.22766666667e-05;0.00479150427215;0.000573273545567;0.00111020154834;0.0036813027238;8.59249613084e-06;0;0;0.00108662101867;0.00479160791301;8.67361737988e-19;0.0;1;0.949990381084;0;2
979.4377;1.9366;3.22766666667e-05;0.00479160791301;0.00057329522091;0.00111024352481;0.00368136438819;8.59187583909e-06;0;0;0.00108666188365;0.00479171106267;0.0;0.0;1;0.950013176941;0;1
981.3742;1.9365;3.2275e-05;0.00479171106267;0.000573316793873;0.00111022797133;0.00368148309134;8.5908141484e-06;0;0;0.00108664644275;0.00479181371994;-8.67361737988e-19;0.0;1;0.949986546069;0;2
983.3107;1.9365;3.2275e-05;0.00479181371994;0.0005733382642;0.00111026954862;0.00368154417132;8.59019829724e-06;0;0;0.00108668692126;0.00479191589428;0.0;0.0;1;0.950008619821;0;1
985.2471;1.9364;3.22733333333e-05;0.00479191589428;0.000573359633867;0.00111025359502;0.00368166229926;8.58914108436e-06;0;0;0.00108667109292;0.00479201758443;0.0;0.0;1;0.949981302991;0;2
987.1835;1.9364;3.22733333333e-05;0.00479201758443;0.000573380902602;0.0011102947798;0.00368172280463;8.58852962146e-06;0;0;0.00108671119133;0.00479211879968;0.0;0.0;1;0.950002728845;0;1
989.1199;1.9364;3.22733333333e-05;0.00479211879968;0.000573402072347;0.00111033577289;0.00368178302678;8.5879203019e-06;0;0;0.00108675110412;0.00479221954393;0.0;0.0;1;0.950023856503;0;1
991.0562;1.9363;3.22716666667e-05;0.00479221954393;0.000573423143914;0.00111031923356;0.00368190031037;8.58686967656e-06;0;0;0.00108673470849;0.00479231981585;-8.67361737988e-19;0.0;1;0.949995638436;0;2
992.9925;1.9363;3.22716666667e-05;0.00479231981585;0.000573444117016;0.00111035984378;0.00368195997207;8.58626466865e-06;0;0;0.00108677425042;0.00479241962449;0.0;0.0;1;0.950016211218;0;1
994.9287;1.9362;3.227e-05;0.00479241962449;0.000573464993544;0.0011103429205;0.00368207670399;8.58521839212e-06;0;0;0.00108675748285;0.00479251896845;0.0;0.0;1;0.949987462981;0;2
996.8649;1.9362;3.227e-05;0.00479251896845;0.000573485773199;0.00111038315407;0.00368213581438;8.58461764562e-06;0;0;0.0010867966599;0.00479261785664;0.0;0.0;1;0.950007532738;0;1
998.801;1.9361;3.22683333333e-05;0.00479261785664;0.000573506457841;0.00111036585303;0.00368225200361;8.58357566763e-06;0;0;0.00108677952633;0.0047927162876;0.0;0.0;1;0.949978302689;0;2
1000.7371;1.9361;3.22683333333e-05;0.0047927162876;0.000573527047162;0.00111040571601;0.00368231057159;8.58297913311e-06;0;0;0.00108681834432;0.00479281427012;-8.67361737988e-19;0.0;1;0.949997914435;0;1
1002.6732;1.9361;3.22683333333e-05;0.00479281427012;0.000573547542992;0.00111044539799;0.00368236887213;8.58238465564e-06;0;0;0.00108685698694;0.00479291180774;0.0;0.0;1;0.950017313194;0;1
1004.6092;1.936;3.22666666667e-05;0.00479291180774;0.000573567946073;0.0011104275436;0.00368248426415;8.58134900248e-06;0;0;0.00108683931715;0.00479300889896;0.0;0.0;1;0.949987438454;0;2
1006.5452;1.936;3.22666666667e-05;0.00479300889896;0.000573588256082;0.00111046686377;0.00368254203519;8.58075866465e-06;0;0;0.00108687760915;0.00479310555234;0.0;0.0;1;0.95000643593;0;1
1008.4811;1.9359;3.2265e-05;0.00479310555234;0.000573608474807;0.00111044864638;0.00368265690596;8.57972718818e-06;0;0;0.00108685958753;0.00479320176631;-8.67361737988e-19;0.0;1;0.949976174389;0;2
1010.417;1.9359;3.2265e-05;0.00479320176631;0.000573628601915;0.00111048761045;0.00368271415586;8.57914094253e-06;0;0;0.00108689753439;0.0047932975493;8.67361737988e-19;0.0;1;0.949994802403;0;1
1012.3529;1.9359;3.2265e-05;0.0047932975493;0.000573648639168;0.00111052640057;0.00368277114874;8.57855669527e-06;0;0;0.00108693531264;0.00479339290468;0.0;0.0;1;0.950013257293;0;1
1014.2887;1.9358;3.22633333333e-05;0.00479339290468;0.000573668587263;0.00111050765122;0.00368288525345;8.57753136502e-06;0;0;0.00108691677539;0.00479348783081;0.0;0.0;1;0.94998247111;0;2
1016.2245;1.9358;3.22633333333e-05;0.00479348783081;0.000573688445856;0.00111054609349;0.00368294173732;8.57695114045e-06;0;0;0.00108695421643;0.00479358233595;0.0;0.0;1;0.950000596848;0;1
1018.1603;1.9358;3.22633333333e-05;0.00479358233595;0.000573708216669;0.00111058436583;0.00368299797012;8.57637288026e-06;0;0;0.00108699149275;0.00479367642332;0.0;0.0;1;0.95001856766;0;1
1020.096;1.9357;3.22616666667e-05;0.00479367642332;0.000573727900374;0.00111056509675;0.00368311132657;8.57535359264e-06;0;0;0.00108697245162;0.00479377009126;-8.67361737988e-19;0.0;1;0.949987311647;0;2
1022.0317;1.9357;3.22616666667e-05;0.00479377009126;0.000573747496617;0.0011106030292;0.00368316706206;8.5747792873e-06;0;0;0.00108700939839;0.00479386334783;0.0;0.0;1;0.950004986342;0;1
1023.9674;1.9357;3.22616666667e-05;0.00479386334783;0.000573767007082;0.00111064079561;0.00368322255222;8.57420691312e-06;0;0;0.00108704618417;0.00479395619614;8.67361737988e-19;0.0;1;0.95002252106;0;1
1025.903;1.9356;3.226e-05;0.00479395619614;0.000573786432419;0.00111062101859;0.00368333517755;8.57319356696e-06;0;0;0.0010870266505;0.00479404863449;0.0;0.0;1;0.949990840255;0;2
1027.8386;1.9356;3.226e-05;0.00479404863449;0.000573805772262;0.00111065845279;0.0036833901817;8.57262508139e-06;0;0;0.00108706311415;0.00479414067077;-8.67361737988e-19;0.0;1;0.950008106071;0;1
1029.7741;1.9355;3.22583333333e-05;0.00479414067077;0.000573825028261;0.0011106383422;0.00368350232857;8.57161566064e-06;0;0;0.00108704325698;0.00479423230322;0.0;0.0;1;0.949976162566;0;2
1031.7096;1.9355;3.22583333333e-05;0.00479423230322;0.000573844200047;0.00111067544919;0.00368355685403;8.57105102016e-06;0;0;0.00108707940329;0.00479432353963;8.67361737988e-19;0.0;1;0.949993174986;0;1
1033.6451;1.9355;3.22583333333e-05;0.00479432353963;0.000573863289243;0.00111071239633;0.0036836111433;8.57048825711e-06;0;0;0.00108711539457;0.00479441438295;0.0;0.0;1;0.950010066831;0;1
1035.5805;1.9354;3.22566666667e-05;0.00479441438295;0.000573882296464;0.00111069179658;0.00368372258637;8.56948461414e-06;0;0;0.00108709506296;0.00479450483139;0.0;0.0;1;0.949977756999;0;2
1037.5159;1.9354;3.22566666667e-05;0.00479450483139;0.000573901221331;0.00111072842376;0.00368377640763;8.5689256325e-06;0;0;0.00108713074391;0.00479459489257;0.0;0.0;1;0.949994415413;0;1
1039.4513;1.9354;3.22566666667e-05;0.00479459489257;0.000573920065436;0.00111076489464;0.00368382999793;8.56836849709e-06;0;0;0.00108716627325;0.00479468456934;0.0;0.0;1;0.950010962358;0;1
1041.3866;1.9353;3.2255e-05;0.00479468456934;0.000573938829371;0.00111074381648;0.00368394075286;8.56737053688e-06;0;0;0.00108714547756;0.00479477385989;0.0;0.0;1;0.949978313651;0;2
1043.3219;1.9353;3.2255e-05;0.00479477385989;0.000573957512753;0.00111077997443;0.00368399388545;8.56681712065e-06;0;0;0.00108718070333;0.00479486277166;-8.67361737988e-19;0.0;1;0.949994643896;0;1
1045.2572;1.9353;3.2255e-05;0.00479486277166;0.00057397611714;0.0011108159795;0.00368404679216;8.56626552018e-06;0;0;0.00108721578079;0.00479495130744;0.0;0.0;1;0.950010870332;0;1
1047.1924;1.9352;3.22533333333e-05;0.00479495130744;0.000573994643105;0.00111079443334;0.0036841568741;8.56527314991e-06;0;0;0.00108719453106;0.00479503946535;0.0;0.0;1;0.949977905842;0;2
1049.1276;1.9352;3.22533333333e-05;0.00479503946535;0.000574013090258;0.00111083013227;0.00368420933308;8.56472520781e-06;0;0;0.00108722931151;0.00479512725271;0.0;0.0;1;0.949993929706;0;1
1051.0628;1.9352;3.22533333333e-05;0.00479512725271;0.000574031460126;0.00111086568164;0.00368426157108;8.56417905171e-06;0;0;0.00108726394685;0.00479521467221;0.0;0.0;1;0.950009856251;0;1
1052.9979;1.9351;3.22516666667e-05;0.00479521467221;0.000574049753266;0.00111084367754;0.00368437099466;8.56319218064e-06;0;0;0.00108724225279;0.00479530172194;0.0;0.0;1;0.949976595556;0;2
1054.933;1.9351;3.22516666667e-05;0.00479530172194;0.000574067969278;0.00111087892735;0.00368442279459;8.5626496235e-06;0;0;0.00108727659746;0.00479538840909;0.0;0.0;1;0.949992331554;0;1
1056.8681;1.9351;3.22516666667e-05;0.00479538840909;0.000574086109662;0.00111091403081;0.00368447437828;8.56210882325e-06;0;0;0.00108731080011;0.00479547473624;0.0;0.0;1;0.950007975781;0;1
1058.8032;1.9351;3.22516666667e-05;0.00479547473624;0.000574104174955;0.00111094898896;0.00368452574729;8.56156977043e-06;0;0;0.00108734486177;0.00479556070595;8.67361737988e-19;0.0;1;0.950023529905;0;1
1060.7382;1.935;3.225e-05;0.00479556070595;0.00057412216569;0.00111092639061;0.00368463431534;8.56059007562e-06;0;0;0.00108732259104;0.0047956463163;8.67361737988e-19;0.0;1;0.949989900427;0;2
1062.6732;1.935;3.225e-05;0.0047956463163;0.000574140081463;0.00111096105763;0.00368468525867;8.5600545448e-06;0;0;0.00108735637016;0.00479573157429;8.67361737988e-19;0.0;1;0.95000527744;0;1
1064.6082;1.935;3.225e-05;0.00479573157429;0.000574157923732;0.00111099558242;0.00368473599186;8.55952073318e-06;0;0;0.00108739001125;0.00479581648238;0.0;0.0;1;0.95002056891;0;1
1066.5431;1.9349;3.22483333333e-05;0.00479581648238;0.000574175693014;0.00111097254841;0.00368484393396;8.55854633405e-06;0;0;0.00108736731767;0.00479590103864;0.0;0.0;1;0.949986678764;0;2
1068.478;1.9349;3.22483333333e-05;0.00479590103864;0.0005741933889;0.00111100678818;0.00368489425045;8.55801598807e-06;0;0;0.00108740068212;0.00479598524992;0.0;0.0;1;0.950001801665;0;1
1070.4129;1.9349;3.22483333333e-05;0.00479598524992;0.000574211012822;0.00111104088871;0.00368494436121;8.55748733371e-06;0;0;0.00108743391143;0.00479606911864;0.0;0.0;1;0.950016843005;0;1
1072.3477;1.9348;3.22466666667e-05;0.00479606911864;0.00057422856528;0.0011110174281;0.00368505169054;8.55651814615e-06;0;0;0.00108741080377;0.00479615264282;0.0;0.0;1;0.949982704207;0;2
1074.2825;1.9348;3.22466666667e-05;0.00479615264282;0.000574246045861;0.00111105124953;0.00368510139329;8.55599290233e-06;0;0;0.00108744376215;0.0047962358292;0.0;0.0;1;0.949997584468;0;1
1076.2173;1.9348;3.22466666667e-05;0.0047962358292;0.00057426345597;0.00111108493461;0.00368515089459;8.55546932314e-06;0;0;0.00108747658818;0.00479631868011;0.0;0.0;1;0.950012386671;0;1
1078.152;1.9347;3.2245e-05;0.00479631868011;0.000574280796093;0.0011110610562;0.00368525762391;8.55450526491e-06;0;0;0.00108745307492;0.00479640119356;0.0;0.0;1;0.949978009807;0;2
1080.0867;1.9347;3.2245e-05;0.00479640119356;0.000574298065811;0.00111109446793;0.00368530672564;8.55398504239e-06;0;0;0.00108748563557;0.00479648337617;0.0;0.0;1;0.949992657558;0;1
1082.0214;1.9347;3.2245e-05;0.00479648337617;0.000574315266506;0.00111112774611;0.00368535563006;8.55346645812e-06;0;0;0.00108751806659;0.00479656523019;0.0;0.0;1;0.950007230365;0;1
1083.9561;1.9347;3.2245e-05;0.00479656523019;0.000574332398647;0.00111116089166;0.00368540433853;8.55294950353e-06;0;0;0.00108755036884;0.00479664675787;0.0;0.0;1;0.950021729188;0;1
1085.8907;1.9346;3.22433333333e-05;0.00479664675787;0.000574349462701;0.00111113647054;0.00368551028733;8.55199214189e-06;0;0;0.00108752632867;0.00479672795719;0.0;0.0;1;0.949987049864;0;2
1087.8253;1.9346;3.22433333333e-05;0.00479672795719;0.000574366458245;0.00111116935012;0.00368555860707;8.55147847414e-06;0;0;0.00108755837268;0.00479680883461;8.67361737988e-19;0.0;1;0.950001401977;0;1
1089.7599;1.9346;3.22433333333e-05;0.00479680883461;0.000574383386627;0.00111120209977;0.00368560673484;8.55096641044e-06;0;0;0.00108759029053;0.0047968893923;0.0;0.0;1;0.950015682802;0;1
1091.6944;1.9345;3.22416666667e-05;0.0047968893923;0.000574400248298;0.00111117728033;0.00368571211197;8.55001399342e-06;0;0;0.0010875658636;0.00479696962824;0.0;0.0;1;0.949980785873;0;2
1093.6289;1.9345;3.22416666667e-05;0.00479696962824;0.000574417042834;0.00111120976936;0.00368575985887;8.54950516539e-06;0;0;0.00108759752838;0.00479704954876;8.67361737988e-19;0.0;1;0.949994925141;0;1
1095.5634;1.9345;3.22416666667e-05;0.00479704954876;0.000574433771557;0.00111124213108;0.00368580741768;8.54899791636e-06;0;0;0.00108762906954;0.00479712915597;-8.67361737988e-19;0.0;1;0.950008995565;0;1
1097.4979;1.9345;3.22416666667e-05;0.00479712915597;0.000574450434908;0.00111127436633;0.00368585478965;8.54849223818e-06;0;0;0.0010876604879;0.00479720845197;0.0;0.0;1;0.950022997908;0;1
1099.4323;1.9344;3.224e-05;0.00479720845197;0.00057446703332;0.00111124902925;0.00368595942272;8.54754627811e-06;0;0;0.00108763555827;0.00479728743472;8.67361737988e-19;0.0;1;0.949987822704;0;2
1101.3667;1.9344;3.224e-05;0.00479728743472;0.000574483566364;0.00111128101078;0.00368600642394;8.54704376926e-06;0;0;0.00108766673022;0.00479736611039;0.0;0.0;1;0.950001689646;0;1
1103.3011;1.9344;3.224e-05;0.00479736611039;0.000574500035335;0.00111131286835;0.00368605324204;8.54654280692e-06;0;0;0.00108769778179;0.00479744448103;0.0;0.0;1;0.950015490677;0;1
1105.2354;1.9343;3.22383333333e-05;0.00479744448103;0.000574516440653;0.00111128715115;0.00368615732987;8.54560161598e-06;0;0;0.00108767248298;0.00479752254457;0.0;0.0;1;0.94998011413;0;2
1107.1697;1.9343;3.22383333333e-05;0.00479752254457;0.000574532781887;0.00111131876;0.00368620378457;8.54510377434e-06;0;0;0.00108770329299;0.00479760030711;0.0;0.0;1;0.949993783946;0;1
1109.104;1.9343;3.22383333333e-05;0.00479760030711;0.000574549060309;0.00111135024736;0.00368625005976;8.54460745539e-06;0;0;0.00108773398498;0.00479767777062;0.0;0.0;1;0.95000738985;0;1
1111.0383;1.9343;3.22383333333e-05;0.00479767777062;0.000574565276328;0.001111381614;0.00368629615662;8.5441126514e-06;0;0;0.00108776455974;0.00479775493704;0.0;0.0;1;0.950020932475;0;1
1112.9725;1.9342;3.22366666667e-05;0.00479775493704;0.000574581430352;0.00111135540259;0.00368639953445;8.54317768963e-06;0;0;0.00108773878088;0.00479783180431;0.0;0.0;1;0.949985297282;0;2
1114.9067;1.9342;3.22366666667e-05;0.00479783180431;0.000574597521945;0.00111138652695;0.00368644527737;8.54268594325e-06;0;0;0.00108776912029;0.00479790837839;0.0;0.0;1;0.949998713787;0;1
1116.8409;1.9342;3.22366666667e-05;0.00479790837839;0.00057461355235;0.00111141753296;0.00368649084543;8.54219568869e-06;0;0;0.00108779934475;0.00479798466116;0.0;0.0;1;0.950012068826;0;1
1118.775;1.9341;3.2235e-05;0.00479798466116;0.000574629521963;0.00111139095843;0.00368659370273;8.54126532918e-06;0;0;0.00108777321315;0.00479806065055;0.0;0.0;1;0.949976245749;0;2
1120.7091;1.9341;3.2235e-05;0.00479806065055;0.000574645430346;0.00111142172683;0.00368663892371;8.54077808598e-06;0;0;0.00108780320678;0.00479813635241;0.0;0.0;1;0.949989478195;0;1
1122.6432;1.9341;3.2235e-05;0.00479813635241;0.000574661278722;0.00111145237918;0.00368668397323;8.54029231194e-06;0;0;0.00108783308766;0.00479821176858;0.0;0.0;1;0.950002650871;0;1
1124.5773;1.9341;3.2235e-05;0.00479821176858;0.000574677067476;0.0011114829162;0.00368672885238;8.53980799969e-06;0;0;0.00108786285652;0.0047982869009;8.67361737988e-19;0.0;1;0.950015764315;0;1
1126.5113;1.934;3.22333333333e-05;0.0047982869009;0.000574692796987;0.00111145586937;0.00368683103153;8.53888365269e-06;0;0;0.00108783626607;0.00479836174728;0.0;0.0;1;0.949979699114;0;2
1128.4453;1.934;3.22333333333e-05;0.00479836174728;0.000574708466817;0.00111148617482;0.00368687557245;8.53840229179e-06;0;0;0.00108786580994;0.00479843631343;8.67361737988e-19;0.0;1;0.949992694323;0;1
1130.3793;1.934;3.22333333333e-05;0.00479843631343;0.000574724078162;0.00111151636717;0.00368691994627;8.53792237067e-06;0;0;0.00108789524391;0.00479851060114;8.67361737988e-19;0.0;1;0.950005631864;0;1
1132.3133;1.934;3.22333333333e-05;0.00479851060114;0.000574739631392;0.00111154644711;0.00368696415403;8.53744388215e-06;0;0;0.00108792456869;0.00479858461217;0.0;0.0;1;0.950018512235;0;1
1134.2472;1.9339;3.22316666667e-05;0.00479858461217;0.000574755126873;0.00111151893986;0.00368706567231;8.53652542872e-06;0;0;0.00108789753088;0.00479865834443;0.0;0.0;1;0.949982213313;0;2
1136.1811;1.9339;3.22316666667e-05;0.00479865834443;0.000574770564166;0.00111154879404;0.00368710955039;8.53604983321e-06;0;0;0.00108792663628;0.0047987318035;8.67361737988e-19;0.0;1;0.94999497948;0;1
1138.115;1.9339;3.22316666667e-05;0.0047987318035;0.00057478594444;0.00111157853795;0.00368715326555;8.53557564889e-06;0;0;0.00108795563455;0.00479880499112;-8.67361737988e-19;0.0;1;0.950007689929;0;1
1140.0489;1.9339;3.22316666667e-05;0.00479880499112;0.000574801268052;0.00111160817229;0.00368719681883;8.53510286881e-06;0;0;0.00108798452634;0.00479887790897;0.0;0.0;1;0.950020345124;0;1
1141.9827;1.9338;3.223e-05;0.00479887790897;0.000574816535357;0.00111158021607;0.00368729769289;8.53419019328e-06;0;0;0.00108795705225;0.00479895055495;0.0;0.0;1;0.949983820284;0;2
1143.9165;1.9338;3.223e-05;0.00479895055495;0.000574831745912;0.00111160963024;0.00368734092471;8.53372024945e-06;0;0;0.00108798573009;0.00479902293455;-8.67361737988e-19;0.0;1;0.949996365029;0;1
1145.8503;1.9338;3.223e-05;0.00479902293455;0.000574846900862;0.00111163893689;0.00368738399766;8.53325168904e-06;0;0;0.00108801430344;0.00479909504942;0.0;0.0;1;0.950008855877;0;1
1147.7841;1.9338;3.223e-05;0.00479909504942;0.000574862000553;0.00111166813667;0.00368742691275;8.53278450526e-06;0;0;0.00108804277295;0.00479916690119;-8.67361737988e-19;0.0;1;0.95002129326;0;1
1149.7178;1.9337;3.22283333333e-05;0.00479916690119;0.000574877045325;0.00111163974254;0.00368752715865;8.53187749512e-06;0;0;0.00108801487328;0.00479923848777;0.0;0.0;1;0.949984549792;0;2
1151.6515;1.9337;3.22283333333e-05;0.00479923848777;0.000574892034735;0.00111166872757;0.0036875697602;8.53141309241e-06;0;0;0.00108804313407;0.00479930981451;0.0;0.0;1;0.949996880246;0;1
1153.5852;1.9337;3.22283333333e-05;0.00479930981451;0.000574906969906;0.00111169760771;0.0036876122068;8.53095004607e-06;0;0;0.00108807129292;0.00479938088301;-8.67361737988e-19;0.0;1;0.950009158508;0;1
1155.5189;1.9337;3.22283333333e-05;0.00479938088301;0.00057492185117;0.00111172638361;0.0036876544994;8.53048834953e-06;0;0;0.00108809935047;0.00479945169486;8.67361737988e-19;0.0;1;0.950021384988;0;1
1157.4525;1.9336;3.22266666667e-05;0.00479945169486;0.000574936678854;0.00111169756223;0.00368775413262;8.52958689532e-06;0;0;0.00108807103555;0.00479952224794;0.0;0.0;1;0.949984429741;0;2
1159.3861;1.9336;3.22266666667e-05;0.00479952224794;0.000574951452518;0.00111172612859;0.00368779611935;8.52912792614e-06;0;0;0.00108809888942;0.00479959254752;0.0;0.0;1;0.949996552604;0;1
1161.3197;1.9336;3.22266666667e-05;0.00479959254752;0.000574966173259;0.00111175459261;0.0036878379549;8.52867028704e-06;0;0;0.00108812664384;0.00479966259512;8.67361737988e-19;0.0;1;0.950008624886;0;1
1163.2533;1.9336;3.22266666667e-05;0.00479966259512;0.000574980841398;0.00111178295493;0.00368787964019;8.52821397161e-06;0;0;0.00108815429939;0.00479973239228;0.0;0.0;1;0.950020646973;0;1
1165.1868;1.9335;3.2225e-05;0.00479973239228;0.000574995457253;0.0011117537166;0.00368797867568;8.52731796683e-06;0;0;0.00108812557917;0.00479980193689;0.0;0.0;1;0.949983486405;0;2
1167.1203;1.9335;3.2225e-05;0.00479980193689;0.00057501002038;0.00111178187441;0.00368802006248;8.52686432651e-06;0;0;0.00108815303594;0.00479987123409;0.0;0.0;1;0.949995408005;0;1
1169.0538;1.9335;3.2225e-05;0.00479987123409;0.000575024531856;0.00111180993234;0.00368806130175;8.52641199067e-06;0;0;0.00108818039562;0.00479994028538;-8.67361737988e-19;0.0;1;0.950007280546;0;1
1170.9873;1.9335;3.2225e-05;0.00479994028538;0.000575038991991;0.00111183789101;0.00368810239437;8.52596095309e-06;0;0;0.00108820765881;0.00480000909222;-8.67361737988e-19;0.0;1;0.950019104396;0;1
1172.9207;1.9334;3.22233333333e-05;0.00480000909222;0.000575053401091;0.00111180824567;0.00368820084655;8.52507029407e-06;0;0;0.00108817854292;0.00480007765252;0.0;0.0;1;0.949981744624;0;2
1174.8541;1.9334;3.22233333333e-05;0.00480007765252;0.000575067758714;0.0011118360047;0.00368824164782;8.52462188072e-06;0;0;0.00108820561203;0.00480014597131;0.0;0.0;1;0.949993470954;0;1
1176.7875;1.9334;3.22233333333e-05;0.00480014597131;0.000575082065914;0.00111186366624;0.00368828230507;8.52417474696e-06;0;0;0.00108823258637;0.00480021405002;8.67361737988e-19;0.0;1;0.950005149672;0;1
1178.7209;1.9334;3.22233333333e-05;0.00480021405002;0.000575096322991;0.00111189123087;0.00368832281915;8.5237288867e-06;0;0;0.0010882594665;0.00480028189009;0.0;0.0;1;0.950016781126;0;1
1180.6542;1.9333;3.22216666667e-05;0.00480028189009;0.000575110530241;0.00111186118811;0.00368842070198;8.52284347254e-06;0;0;0.00108822996424;0.00480034948941;8.67361737988e-19;0.0;1;0.949979227955;0;2
1182.5875;1.9333;3.22216666667e-05;0.00480034948941;0.000575124687221;0.0011118885578;0.00368846093161;8.52240018699e-06;0;0;0.00108825665484;0.00480041685293;0.0;0.0;1;0.949990764711;0;1
1184.5208;1.9333;3.22216666667e-05;0.00480041685293;0.000575138794965;0.00111191583231;0.00368850102062;8.52195815678e-06;0;0;0.00108828325289;0.00480048398202;0.0;0.0;1;0.950002255229;0;1
1186.4541;1.9333;3.22216666667e-05;0.00480048398202;0.000575152853764;0.00111194301218;0.00368854096984;8.52151737598e-06;0;0;0.00108830975894;0.00480055087807;0.0;0.0;1;0.950013699842;0;1
1188.3873;1.9332;3.222e-05;0.00480055087807;0.000575166863902;0.0011119125813;0.00368863829678;8.52063710843e-06;0;0;0.00108827987931;0.00480061753898;0.0;0.0;1;0.949975958801;0;2
1190.3205;1.9332;3.222e-05;0.00480061753898;0.000575180824939;0.00111193957077;0.0036886779682;8.52019885413e-06;0;0;0.00108830620023;0.00480068396958;0.0;0.0;1;0.949987311405;0;1
1192.2537;1.9332;3.222e-05;0.00480068396958;0.000575194737888;0.00111196646729;0.0036887175023;8.51976183154e-06;0;0;0.00108833243077;0.00480075017123;0.0;0.0;1;0.949998619083;0;1
1194.1869;1.9332;3.222e-05;0.00480075017123;0.000575208603029;0.00111199327138;0.00368875689986;8.51932603492e-06;0;0;0.00108835857144;0.00480081614526;0.0;0.0;1;0.950009882151;0;1
1196.1201;1.9332;3.222e-05;0.00480081614526;0.00057522242064;0.00111201998358;0.00368879616168;8.51889145853e-06;0;0;0.00108838462277;0.00480088189299;0.0;0.0;1;0.950021100924;0;1
1198.0532;1.9331;3.22183333333e-05;0.00480088189299;0.000575236190994;0.00111198908081;0.00368889281218;8.5180174788e-06;0;0;0.00108835428428;0.00480094741231;0.0;0.0;1;0.94998313272;0;2
1199.9863;1.9331;3.22183333333e-05;0.00480094741231;0.000575249913652;0.00111201560808;0.00368893180423;8.51758537049e-06;0;0;0.00108838015577;0.00480101270796;0.0;0.0;1;0.94999426267;0;1
1201.9194;1.9331;2.28333333348e-07;0.00480101270796;0.000575263589602;0.00111204204506;0.0036889706629;8.51715446529e-06;0;0;0.00108840593946;0.00476908778123;0.0;0.0;1;0.95000534925;0;1
