# Hydrograph at the point with coordinates: 5.47504171301 14.2799638487
# A pixel size is [m2]:
# 1.0
# time[s];deltaTime[s];Rainfall[m];Water_level_[m];Sheet_Flow[m3/s];Sheet_V_runoff[m3];Sheet_V_rest[m3];Infiltration[m];Surface_retetion[m];State;V_inflow[m3];WlevelTotal[m];SurfaceBil[m3];V_to_rill.m3.;ratio;courant;courantrill;iter
20.0;20.0;0.0;0.0;0.0;0.0;0.0;0.0;0.0;0;0.0;0.0;0.0;0.0;1;1.95;1.95;0
20.0;20.0;0.0;0.0;0.0;0.0;0.0;0.0;0.0;0;0.0;0.0;0.0;0.0;1;0;0;1
40.0;20.0;0.0;0.0;0.0;0.0;0.0;0.0;0.0;0;0.0;0.0;0.0;0.0;1;0;0;1
60.0;20.0;0.0;0.0;0.0;0.0;0.0;0.0;0.0;0;0.0;0.0;0.0;0.0;1;0;0;1
80.0;20.0;0.0;0.0;0.0;0.0;0.0;0.0;0.0;0;0.0;0.0;0.0;0.0;1;0;0;1
100.0;20.0;0.0;0.0;0.0;0.0;0.0;0.0;0.0;0;0.0;0.0;0.0;0.0;1;0;0;1
120.0;20.0;0.0;0.0;0.0;0.0;0.0;0.0;0.0;0;0.0;0.0;0.0;0.0;1;0;0;1
140.0;20.0;0.0;0.0;0.0;0.0;0.0;0.0;0.0;0;0.0;0.0;0.0;0.0;1;0;0;1
160.0;20.0;0.0;0.0;0.0;0.0;0.0;0.0;0.0;0;0.0;0.0;0.0;0.0;1;0;0;1
180.0;20.0;0.000280000001192;0.0;0.0;0.0;0.0;0;0.000280000001192;0;0.0;0.0;0.0;0.0;1;0;0;1
200.0;20.0;0.000333333333333;0.0;0.0;0.0;0.0;0;0.000333333333333;0;0.0;0.0;0.0;0.0;1;0;0;1
220.0;20.0;0.000333333333333;0.0;0.0;0.0;0.0;0;0.000333333333333;0;0.0;0.0;0.0;0.0;1;0;0;1
240.0;20.0;0.000333333333333;0.0;0.0;0.0;0.0;0.000100639464951;5.33333321412e-05;0;0.0;0.000179360536241;0.0;0.0;1;0;0;1
260.0;20.0;0.000333333333333;0.000179360536241;2.52052947116e-06;5.04105894232e-05;0.000128949946818;9.88110004982e-05;0;0;4.95914640068e-05;0.00041306374366;0.0;0.0;1;0.904473844149;0;1
271.4998;11.4998;0.000191663333333;0.00041306374366;1.08336556964e-05;0.000124584873777;0.000288478869883;5.6343509225e-05;0;0;0.000122593417906;0.000546392111897;0.0;0.0;1;0.949996555684;0;2
281.0843;9.5845;0.000159741666667;0.000546392111897;1.76658651046e-05;0.000169318484095;0.000377073627801;4.66754725454e-05;0;0;0.000166681884063;0.000656821705986;0.0;0.0;1;0.950001569141;0;2
289.5886;8.5043;0.000141738333333;0.000656821705986;2.43711155039e-05;0.00020725927758;0.000449562428406;4.12152631351e-05;0;0;0.000204114197981;0.000754199696585;0.0;0.0;1;0.950001044869;0;2
297.3634;7.7748;0.00012958;0.000754199696585;3.10329692681e-05;0.000241275129466;0.00051292456712;3.75279243126e-05;0;0;0.000237704977917;0.000842681620724;1.08420217249e-19;0.0;1;0.950000759532;0;2
304.5984;7.235;0.000120583333333;0.000842681620724;3.76735913941e-05;0.000272568433736;0.000570113186988;3.48012283974e-05;0;0;0.000268632842827;0.000924528134751;0.0;0.0;1;0.949997640883;0;2
311.411;6.8126;0.000113543333333;0.000924528134751;4.43001889455e-05;0.00030179946721;0.000622728667541;3.26695767436e-05;0;0;0.000297544277083;0.00100114670121;0.0;0.0;1;0.950001701637;0;2
317.8801;6.4691;0.000107818333333;0.00100114670121;5.09151707567e-05;0.000329375331142;0.000671771370071;3.09380364335e-05;0;0;0.000324837404517;0.00107348907149;0.0;0.0;1;0.949994438143;0;2
324.0622;6.1821;0.000103035;0.00107348907149;5.75190153022e-05;0.0003555883045;0.000717900766988;2.94929896317e-05;0;0;0.000350797924354;0.00114224070171;0.0;0.0;1;0.950006182293;0;2
329.9992;5.937;9.895e-05;0.00114224070171;6.41117350081e-05;0.000380631370743;0.000761609330967;2.82604415564e-05;0;0;0.000375614167531;0.00120791305694;-2.16840434497e-19;0.0;1;0.950002537187;0;2
335.7235;5.7243;9.5405e-05;0.00120791305694;7.0692860017e-05;0.000404667138595;0.000803245918346;2.71921320723e-05;0;0;0.000399444906688;0.00127090369296;2.16840434497e-19;0.0;1;0.950005197124;0;2
341.2606;5.5371;9.2285e-05;0.00127090369296;7.72620254512e-05;0.000427807561126;0.000843096131836;2.62530771831e-05;0;0;0.000422399243687;0.00133152729834;2.16840434497e-19;0.0;1;0.949992042245;0;2
346.6313;5.3707;8.95116666667e-05;0.00133152729834;8.38187389061e-05;0.000450165301043;0.000881361997297;2.54193420867e-05;0;0;0.000444587228985;0.00139004155086;0.0;0.0;1;0.949998531083;0;2
351.8526;5.2213;8.70216666667e-05;0.00139004155086;9.03628158917e-05;0.000471811370615;0.000918230180246;2.46716765172e-05;0;0;0.000466077995033;0.00144665816543;0.0;0.0;1;0.950003238466;0;2
356.9387;5.0861;8.47683333333e-05;0.00144665816543;9.68939868129e-05;0.000492812506329;0.000953845659099;2.39958634515e-05;0;0;0.000486936606435;0.00150155473542;0.0;0.0;1;0.950006910832;0;2
361.9016;4.9629;8.2715e-05;0.00150155473542;0.000103412051772;0.000513223671739;0.000988331063676;2.33807395094e-05;0;0;0.000507216630484;0.00155488195465;0.0;0.0;1;0.950007321525;0;2
366.7515;4.8499;8.08316666667e-05;0.00155488195465;0.000109916854022;0.000533085750321;0.00102179620433;2.28171932394e-05;0;0;0.000526957828457;0.00160676850621;0.0;0.0;1;0.949991984223;0;2
371.4974;4.7459;7.90983333333e-05;0.00160676850621;0.000116408201961;0.000552461685689;0.00105430682053;2.2299061338e-05;0;0;0.000546221860012;0.00165732795253;0.0;0.0;1;0.949999682414;0;2
376.147;4.6496;7.74933333333e-05;0.00165732795253;0.000122886216825;0.000571371753751;0.00108595619878;2.18198070874e-05;0;0;0.000565028291568;0.0017066580166;0.0;0.0;1;0.95000051647;0;2
380.7071;4.5601;7.60016666667e-05;0.0017066580166;0.000129350849626;0.000589852809381;0.00111680520721;2.13748501892e-05;0;0;0.000583413139183;0.00175484516288;0.0;0.0;1;0.950003186852;0;2
385.1837;4.4766;7.461e-05;0.00175484516288;0.000135802142791;0.000607931872419;0.00114691329046;2.09601397184e-05;0;0;0.000601402751883;0.00180196590262;0.0;0.0;1;0.950005380793;0;2
389.5821;4.3984;7.33066666667e-05;0.00180196590262;0.000142240148746;0.000625629070247;0.00117633683237;2.05721427947e-05;0;0;0.000619016707488;0.00184808806373;2.16840434497e-19;0.0;1;0.949999325046;0;2
393.9071;4.325;7.20833333333e-05;0.00184808806373;0.000148664888333;0.000642975642038;0.0012051124217;2.02083019192e-05;0;0;0.000636285618496;0.00189327307161;-2.16840434497e-19;0.0;1;0.949998571634;0;2
398.163;4.2559;7.09316666667e-05;0.00189327307161;0.0001550764929;0.000659990046133;0.00123328302547;1.98660917397e-05;0;0;0.000653227491463;0.00193757609186;0.0;0.0;1;0.949999712115;0;2
402.3537;4.1907;6.9845e-05;0.00193757609186;0.000161475084663;0.000676693637299;0.00126088245457;1.95434810421e-05;0;0;0.000669863230249;0.00198104720377;0.0;0.0;1;0.950006567824;0;2
406.4827;4.129;6.88166666667e-05;0.00198104720377;0.000167860823221;0.000693097339081;0.00128794986469;1.92384614758e-05;0;0;0.000686203440873;0.00202373151075;-4.33680868994e-19;0.0;1;0.950010523719;0;2
410.5531;4.0704;6.784e-05;0.00202373151075;0.000174233818771;0.000709201335924;0.00131453017483;1.89490449452e-05;0;0;0.00070224811523;0.00206566924512;0.0;0.0;1;0.949991551086;0;2
414.5679;4.0148;6.69133333333e-05;0.00206566924512;0.000180594053731;0.000725049006918;0.0013406202382;1.86746556621e-05;0;0;0.000718040033158;0.00210689894903;4.33680868994e-19;0.0;1;0.949990088251;0;2
418.5298;3.9619;6.60316666667e-05;0.00210689894903;0.000186941789702;0.000740644676621;0.00136625427241;1.84137997043e-05;0;0;0.000733583331308;0.00214745547068;4.33680868994e-19;0.0;1;0.949993608914;0;2
422.4413;3.9115;6.51916666667e-05;0.00214745547068;0.000193277207185;0.000756003795902;0.00139145167477;1.81654602643e-05;0;0;0.00074889317858;0.00218737105976;-4.33680868994e-19;0.0;1;0.95000617452;0;2
426.3046;3.8633;6.43883333333e-05;0.00218737105976;0.000199600516552;0.000771116675597;0.00141625438416;1.79281668704e-05;0;0;0.000763959854091;0.00222667440471;-4.33680868994e-19;0.0;1;0.950001605983;0;2
430.1218;3.8172;6.362e-05;0.00222667440471;0.000205911754508;0.000786006349308;0.0014406680554;1.77013865451e-05;0;0;0.000778806060489;0.00226539272935;4.33680868994e-19;0.0;1;0.94999675829;0;2
433.8949;3.7731;6.2885e-05;0.00226539272935;0.000212211072398;0.000800693597265;0.00146469913208;1.74845928336e-05;0;0;0.000793452287285;0.00230355182654;0.0;0.0;1;0.950005083322;0;2
437.6257;3.7308;6.218e-05;0.00230355182654;0.000218498711695;0.000815174993591;0.00148837683294;1.72768024288e-05;0;0;0.000807895051035;0.00234117508155;0.0;0.0;1;0.950011392171;0;2
441.3158;3.6901;6.15016666667e-05;0.00234117508155;0.000224774812132;0.00082944153425;0.0015117335473;1.70770389002e-05;0;0;0.000822125341634;0.0023782835167;0.0;0.0;1;0.949996124958;0;2
444.9668;3.651;6.085e-05;0.0023782835167;0.000231039383261;0.000843524788284;0.00153475872842;1.68852564674e-05;0;0;0.000836174367764;0.00241489783971;0.0;0.0;1;0.949987649546;0;2
448.5802;3.6134;6.02233333333e-05;0.00241489783971;0.000237292622685;0.000857433162811;0.0015574646769;1.67009503671e-05;0;0;0.000850050396071;0.00245103745594;0.0;0.0;1;0.949986866149;0;2
452.1574;3.5772;5.962e-05;0.00245103745594;0.000243534732361;0.000871172444601;0.00157986501134;1.65236198851e-05;0;0;0.00086375910233;0.00248672049378;-4.33680868994e-19;0.0;1;0.949992247619;0;2
455.6997;3.5423;5.90383333333e-05;0.00248672049378;0.000249765902261;0.000884745755579;0.0016019747382;1.63527680257e-05;0;0;0.0008773035253;0.00252196382881;0.0;0.0;1;0.94999997548;0;2
459.2083;3.5086;5.84766666667e-05;0.00252196382881;0.000255986295177;0.000898153515257;0.00162381031355;1.61879012142e-05;0;0;0.000890684027627;0.00255678310663;-4.33680868994e-19;0.0;1;0.950004064184;0;2
462.6843;3.476;5.79333333333e-05;0.00255678310663;0.000262196032534;0.00091139340909;0.00164538969754;1.60285290307e-05;0;0;0.000903898262768;0.00259119276461;0.0;0.0;1;0.949996474823;0;2
466.1288;3.4445;5.74083333333e-05;0.00259119276461;0.000268395181145;0.000924487201454;0.00166670556316;1.58746245888e-05;0;0;0.000916967768323;0.00262520704023;0.0;0.0;1;0.949994799438;0;2
469.5428;3.414;5.69e-05;0.00262520704023;0.000274583921387;0.000937429507614;0.00168777753261;1.57257021204e-05;0;0;0.000929887162872;0.00265883899337;0.0;0.0;1;0.949988179055;0;2
472.9273;3.3845;5.64083333333e-05;0.00265883899337;0.000280762360131;0.000950240207864;0.0017085987855;1.55817385646e-05;0;0;0.000942676128121;0.00269210150839;0.0;0.0;1;0.949992023345;0;2
476.2832;3.3559;5.59316666667e-05;0.00269210150839;0.000286930702709;0.00096291074522;0.00172919076317;1.54422521746e-05;0;0;0.000955326142374;0.00272500632004;0.0;0.0;1;0.94999291131;0;2
479.6114;3.3282;5.547e-05;0.00272500632004;0.000293089064213;0.000975459023512;0.00174954729653;1.5307223165e-05;0;0;0.000967854936087;0.00275756500945;0.0;0.0;1;0.950004294385;0;2
482.9127;3.3013;5.50216666667e-05;0.00275756500945;0.000299237644964;0.000987873237318;0.00176969177213;1.51761732868e-05;0;0;0.000980250768036;0.00278978803354;4.33680868994e-19;0.0;1;0.95001041103;0;2
486.1878;3.2751;5.4585e-05;0.00278978803354;0.000305376540127;0.00100013870657;0.00178964932698;1.50486263039e-05;0;0;0.000992499040561;0.00282168474123;0.0;0.0;1;0.949993939825;0;2
489.4375;3.2497;5.41616666667e-05;0.00282168474123;0.000311505730451;0.00101230017225;0.00180938456899;1.49250259869e-05;0;0;0.00100464412313;0.00285326533279;0.0;0.0;1;0.949994531471;0;2
492.6625;3.225;5.375e-05;0.00285326533279;0.000317625451782;0.001024342082;0.00182892325079;1.48048981083e-05;0;0;0.00101667056116;0.00288453891385;0.0;0.0;1;0.949993723458;0;2
495.8635;3.201;5.335e-05;0.00288453891385;0.000323735817599;0.00103627835214;0.00184826056171;1.4688228836e-05;0;0;0.00102859214502;0.00291551447789;4.33680868994e-19;0.0;1;0.950001299279;0;2
499.0411;3.1776;5.296e-05;0.00291551447789;0.000329837002158;0.00104809005806;0.00186742441983;1.45745465189e-05;0;0;0.00104039007099;0.0029461999443;0.0;0.0;1;0.949996859795;0;2
502.1959;3.1548;5.258e-05;0.0029461999443;0.00033592904567;0.00105978895328;0.00188641099103;1.44638393473e-05;0;0;0.00105207598419;0.00297660313587;0.0;0.0;1;0.949988768548;0;2
505.3285;3.1326;5.221e-05;0.00297660313587;0.000342012040268;0.00107138691734;0.00190521621852;1.43560960455e-05;0;0;0.00106366165956;0.00300673178204;-4.33680868994e-19;0.0;1;0.949985154285;0;2
508.4395;3.111;5.185e-05;0.00300673178204;0.000348086128113;0.00108289594456;0.00192383583748;1.425130584e-05;0;0;0.00107515899051;0.00303659352215;0.0;0.0;1;0.949993921451;0;2
511.5294;3.0899;5.14983333333e-05;0.00303659352215;0.000354151499592;0.00109429271859;0.00194230080356;1.4149000701e-05;0;0;0.00108654481405;0.00306619495024;4.33680868994e-19;0.0;1;0.949992015053;0;2
514.5987;3.0693;5.1155e-05;0.00306619495024;0.000360208194857;0.00110558701247;0.00196060793777;1.40491714794e-05;0;0;0.00109782881729;0.00309554258358;4.33680868994e-19;0.0;1;0.949986097141;0;2
517.648;3.0493;5.08216666667e-05;0.00309554258358;0.000366256294871;0.00111682531995;0.00197871726363;1.39522667952e-05;0;0;0.0011090571562;0.0031246438197;0.0;0.0;1;0.95001381111;0;2
520.6776;3.0296;5.04933333333e-05;0.0031246438197;0.000372296118828;0.0011279083216;0.0019967354981;1.38569059356e-05;0;0;0.00112013119344;0.00315350311893;0.0;0.0;1;0.949988213458;0;2
523.6881;3.0105;5.0175e-05;0.00315350311893;0.000378327428627;0.00113895472388;0.00201454839505;1.37644533415e-05;0;0;0.00113116879756;0.00318212773927;0.0;0.0;1;0.950008528932;0;2
526.6798;2.9917;4.98616666667e-05;0.00318212773927;0.000384350617414;0.00114986174212;0.00203226599715;1.36735299662e-05;0;0;0.00114206788273;0.00321052201658;0.0;0.0;1;0.949986305408;0;2
529.6532;2.9734;4.95566666667e-05;0.00321052201658;0.000390365512704;0.00116071281547;0.00204980920111;1.35850431287e-05;0;0;0.00115291130566;0.00323869213031;-4.33680868994e-19;0.0;1;0.949989742155;0;2
532.6087;2.9555;4.92583333333e-05;0.00323869213031;0.000396372374289;0.00117147855221;0.0020672135781;1.34985291087e-05;0;0;0.00116366986829;0.00326664325061;0.0;0.0;1;0.949992439872;0;2
535.5467;2.938;4.89666666667e-05;0.00326664325061;0.00040237129189;0.00118216685557;0.00208447639503;1.34139816528e-05;0;0;0.00117435141278;0.00329438049283;4.33680868994e-19;0.0;1;0.949999240525;0;2
538.4676;2.9209;4.86816666667e-05;0.00329438049283;0.000408362384034;0.00119278568753;0.0021015948053;1.33313947462e-05;0;0;0.00118496384192;0.00332190891915;0.0;0.0;1;0.950014873458;0;2
541.3717;2.9041;4.84016666667e-05;0.00332190891915;0.000414345797174;0.00120330162957;0.00211860728958;1.32503064903e-05;0;0;0.0011954739494;0.00334923259915;0.0;0.0;1;0.950011246851;0;2
544.2593;2.8876;4.81266666667e-05;0.00334923259915;0.000420321498419;0.00121372035883;0.00213551224032;1.31707119021e-05;0;0;0.00120588736361;0.00337635555869;0.0;0.0;1;0.949992133413;0;2
547.1308;2.8715;4.78583333333e-05;0.00337635555869;0.000426289477558;0.00122409023481;0.00215226532389;1.30930619996e-05;0;0;0.00121625212383;0.00340328271905;0.0;0.0;1;0.949994306006;0;2
549.9865;2.8557;4.7595e-05;0.00340328271905;0.00043224995462;0.00123437619541;0.00216890652364;1.30168959055e-05;0;0;0.00122653339002;0.00343001801776;0.0;0.0;1;0.949988837261;0;2
552.8268;2.8403;4.73383333333e-05;0.00343001801776;0.000438202965446;0.00124462788276;0.002185390135;1.29426647069e-05;0;0;0.00123678048363;0.00345656628726;0.0;0.0;1;0.950012695995;0;2
555.6519;2.8251;4.7085e-05;0.00345656628726;0.000444148776569;0.00125476470869;0.00220180157857;1.28694527555e-05;0;0;0.00124691332273;0.00348293044855;-4.33680868994e-19;0.0;1;0.95000279154;0;2
558.4621;2.8102;4.68366666667e-05;0.00348293044855;0.000450087256451;0.00126483520808;0.00221809524047;1.27977117267e-05;0;0;0.00125698012738;0.00350911432279;4.33680868994e-19;0.0;1;0.949995582927;0;2
561.2577;2.7956;4.65933333333e-05;0.00350911432279;0.000456018501371;0.00127484532243;0.00223426900035;1.27274376166e-05;0;0;0.00126698679844;0.00353512169451;0.0;0.0;1;0.949994374688;0;2
564.039;2.7813;4.6355e-05;0.00353512169451;0.000461942626677;0.00128480102758;0.00225032066693;1.26586265571e-05;0;0;0.00127693927229;0.00356095631266;-4.33680868994e-19;0.0;1;0.950002403869;0;2
566.8062;2.7672;4.612e-05;0.00356095631266;0.000467859766284;0.00129466154526;0.0022662947674;1.25908199387e-05;0;0;0.00128679701654;0.003586620964;4.33680868994e-19;0.0;1;0.949988511956;0;2
569.5596;2.7534;4.589e-05;0.003586620964;0.000473769858;0.00130447792702;0.00228214303698;1.25244694025e-05;0;0;0.00129661076583;0.00361211933341;4.33680868994e-19;0.0;1;0.949989622629;0;2
572.2995;2.7399;4.5665e-05;0.00361211933341;0.000479673068982;0.0013142562417;0.0022978630917;1.24595714423e-05;0;0;0.00130638655271;0.00363745507297;4.33680868994e-19;0.0;1;0.950008791931;0;2
575.0261;2.7266;4.54433333333e-05;0.00363745507297;0.000485569583596;0.00132395402663;0.00231350104633;1.23956681707e-05;0;0;0.00131608216789;0.00366263087939;0.0;0.0;1;0.950014174125;0;2
577.7396;2.7135;4.5225e-05;0.00366263087939;0.000491459386391;0.00133357504497;0.00232905583441;1.23327567938e-05;0;0;0.00132570134606;0.00368764942368;4.33680868994e-19;0.0;1;0.950008037488;0;2
580.4402;2.7006;4.501e-05;0.00368764942368;0.000497342475113;0.00134312308829;0.00234452633539;1.22708346044e-05;0;0;0.00133524785106;0.00371251335184;4.33680868994e-19;0.0;1;0.949992607823;0;2
583.1282;2.688;4.48e-05;0.00371251335184;0.000503218860386;0.00135265229672;0.00235986105512;1.22103531142e-05;0;0;0.00134477550297;0.00373722620497;0.0;0.0;1;0.950005412171;0;2
585.8038;2.6756;4.45933333333e-05;0.00373722620497;0.00050908878434;0.00136211795138;0.00237510825359;1.21508552939e-05;0;0;0.00135423984544;0.00376179057708;0.0;0.0;1;0.950013744062;0;2
588.4671;2.6633;4.43883333333e-05;0.00376179057708;0.000514952284727;0.00137147241991;0.00239031815716;1.2091884785e-05;0;0;0.00136359351642;0.00378620812214;4.33680868994e-19;0.0;1;0.949984032327;0;2
591.1184;2.6513;4.41883333333e-05;0.00378620812214;0.000520809190748;0.00138082140743;0.0024053867147;1.20343472387e-05;0;0;0.00137294160723;0.00381048230802;-4.33680868994e-19;0.0;1;0.949989354105;0;2
593.7579;2.6395;4.39916666667e-05;0.00381048230802;0.00052665978269;0.00139011849641;0.00242036381161;1.1977786208e-05;0;0;0.00138223796912;0.00383461566119;0.0;0.0;1;0.949996390263;0;2
596.3858;2.6279;4.37983333333e-05;0.00383461566119;0.000532504133267;0.00139936761181;0.00243524804938;1.19221994497e-05;0;0;0.00139148650342;0.00385861068669;0.0;0.0;1;0.950007129579;0;2
599.0022;2.6164;4.36066666667e-05;0.00385861068669;0.000538342326303;0.00140851886254;0.00245009182415;1.1867131329e-05;0;0;0.00140063759721;0.0038824689567;-4.33680868994e-19;0.0;1;0.949987217468;0;2
601.6074;2.6052;4.342e-05;0.0038824689567;0.000544174233042;0.00141768271192;0.00246478624478;1.18134868617e-05;0;0;0.00140980109149;0.00390619384941;-4.33680868994e-19;0.0;1;0.950010879472;0;2
604.2015;2.5941;4.3235e-05;0.00390619384941;0.000550000180766;0.00142675546893;0.00247943838048;1.1760357073e-05;0;0;0.00141887387568;0.00392978689909;-8.67361737988e-19;0.0;1;0.950007389729;0;2
606.7847;2.5832;4.30533333333e-05;0.00392978689909;0.000555820060286;0.00143579437973;0.00249399251936;1.17081935261e-05;0;0;0.00142791287458;0.00395325053375;8.67361737988e-19;0.0;1;0.950014763075;0;2
609.3571;2.5724;4.28733333333e-05;0.00395325053375;0.000561633995304;0.00144474728952;0.00250850324423;1.16565412391e-05;0;0;0.00143686621876;0.00397658625508;0.0;0.0;1;0.949997901415;0;2
611.9189;2.5618;4.26966666667e-05;0.00397658625508;0.00056744189319;0.00145367264197;0.0025229136131;1.16058516611e-05;0;0;0.00144579202882;0.00399979645693;0.0;0.0;1;0.949995080002;0;2
614.4703;2.5514;4.25233333333e-05;0.00399979645693;0.000573243895266;0.00146257447438;0.00253722198255;1.15561229435e-05;0;0;0.00145469432203;0.00402288351497;0.0;0.0;1;0.950008077944;0;2
617.0114;2.5411;4.23516666667e-05;0.00402288351497;0.00057904015244;0.00147139893137;0.00255148458361;1.15069005578e-05;0;0;0.00146351953353;0.00404584888325;0.0;0.0;1;0.950001260272;0;2
619.5424;2.531;4.21833333333e-05;0.00404584888325;0.000584830596622;0.00148020624005;0.0025656426432;1.14586357827e-05;0;0;0.0014723275649;0.00406869490565;0.0;0.0;1;0.9500132867;0;2
622.0634;2.521;4.20166666667e-05;0.00406869490565;0.00059061539525;0.00148894141143;0.00257975349422;1.14108743747e-05;0;0;0.00148106372093;0.00409142300744;8.67361737988e-19;0.0;1;0.950008174756;0;2
624.5745;2.5111;4.18516666667e-05;0.00409142300744;0.000596394495062;0.00149760621655;0.00259381679089;1.13636150567e-05;0;0;0.00148972975915;0.00411403460165;0.0;0.0;1;0.94998700894;0;2
627.0759;2.5014;4.169e-05;0.00411403460165;0.000602167848972;0.00150626265742;0.00260777194423;1.13173089274e-05;0;0;0.00149838735351;0.00413653198881;8.67361737988e-19;0.0;1;0.949988835596;0;2
629.5678;2.4919;4.15316666667e-05;0.00413653198881;0.000607935647028;0.00151491483883;0.00262161714998;1.12719543969e-05;0;0;0.00150704059128;0.00415891745353;8.67361737988e-19;0.0;1;0.950015289472;0;2
632.0502;2.4824;4.13733333333e-05;0.00415891745353;0.000613698087857;0.0015234441333;0.00263547332024;1.12266456049e-05;0;0;0.00151557146215;0.00418119147011;8.67361737988e-19;0.0;1;0.949991442365;0;2
634.5233;2.4731;4.12183333333e-05;0.00418119147011;0.000619454913717;0.00153197394711;0.002649217523;1.11822859081e-05;0;0;0.0015241027282;0.00420335629863;0.0;0.0;1;0.949994555192;0;2
636.9872;2.4639;4.1065e-05;0.00420335629863;0.000625206336007;0.00154044589129;0.00266291040734;1.11384218511e-05;0;0;0.00153257630337;0.00422541328886;0.0;0.0;1;0.94998764449;0;2
639.4421;2.4549;4.0915e-05;0.00422541328886;0.000630952340594;0.00154892490093;0.00267648838793;1.1095504233e-05;0;0;0.00154105679062;0.00424736467432;8.67361737988e-19;0.0;1;0.950010389848;0;2
641.888;2.4459;4.0765e-05;0.00424736467432;0.000636693153121;0.00155728778322;0.0026900768911;1.10526280511e-05;0;0;0.00154942162456;0.00426921088761;0.0;0.0;1;0.949986643426;0;2
644.3251;2.4371;4.06183333333e-05;0.00426921088761;0.00064242853719;0.00156566258799;0.00270354829962;1.10106960442e-05;0;0;0.00155779820289;0.0042909541398;-8.67361737988e-19;0.0;1;0.94999475272;0;2
646.7535;2.4284;4.04733333333e-05;0.0042909541398;0.000648158730284;0.00157398866062;0.00271696547918;1.09692552371e-05;0;0;0.00156612617957;0.00431259573685;0.0;0.0;1;0.949997095652;0;2
649.1733;2.4198;4.033e-05;0.00431259573685;0.000653883741322;0.00158226787725;0.0027303278596;1.09283046519e-05;0;0;0.00157440742009;0.00433413697504;-8.67361737988e-19;0.0;1;0.949994593944;0;2
651.5846;2.4113;4.01883333333e-05;0.00433413697504;0.000659603584252;0.00159050212271;0.00274363485233;1.08878433341e-05;0;0;0.0015826437989;0.00435557914123;0.0;0.0;1;0.949988156556;0;2
653.9876;2.403;4.005e-05;0.00435557914123;0.000665318277959;0.00159875982194;0.00275681931929;1.08483217158e-05;0;0;0.00159090340382;0.0043769244014;0.0;0.0;1;0.950018214636;0;2
656.3823;2.3947;3.99116666667e-05;0.0043769244014;0.000671028084248;0.00160691095335;0.00277001344805;1.08088359906e-05;0;0;0.00159905685508;0.00439817313381;-8.67361737988e-19;0.0;1;0.950006855662;0;2
658.7688;2.3865;3.9775e-05;0.00439817313381;0.000676732794763;0.0016150228147;0.0027831503191;1.07698368034e-05;0;0;0.00160717111583;0.00441932659813;0.0;0.0;1;0.94999421175;0;2
661.1472;2.3784;3.964e-05;0.00441932659813;0.000682432442663;0.00162309732163;0.0027962292765;1.07313232849e-05;0;0;0.0016152480921;0.00444038604531;-8.67361737988e-19;0.0;1;0.94998114356;0;2
663.5177;2.3705;3.95083333333e-05;0.00444038604531;0.000688127065702;0.00163120520925;0.00280918083607;1.06937456224e-05;0;0;0.00162335817856;0.00446135360233;-8.67361737988e-19;0.0;1;0.950008576608;0;2
665.8803;2.3626;3.93766666667e-05;0.00446135360233;0.000693816946615;0.00163921191807;0.00282214168426;1.06562007527e-05;0;0;0.00163136746654;0.00448222961672;0.0;0.0;1;0.949997462889;0;2
668.2351;2.3548;3.92466666667e-05;0.00448222961672;0.000699501892798;0.00164718705716;0.00283504255955;1.06191390636e-05;0;0;0.00163934522699;0.00450301531414;-8.67361737988e-19;0.0;1;0.949988437029;0;2
670.5822;2.3471;3.91183333333e-05;0.00450301531414;0.000705181955265;0.0016551325672;0.00284788274694;1.05825597617e-05;0;0;0.00164729339158;0.0045237119121;0.0;0.0;1;0.949982315411;0;2
672.9217;2.3395;3.89916666667e-05;0.0045237119121;0.000710857189275;0.00166305039431;0.00286066151779;1.05464620713e-05;0;0;0.0016552138975;0.00454432061989;8.67361737988e-19;0.0;1;0.949979903923;0;2
675.2537;2.332;3.88666666667e-05;0.00454432061989;0.000716527654228;0.00167094248966;0.00287337813022;1.05108452339e-05;0;0;0.00166310868695;0.0045648426386;8.67361737988e-19;0.0;1;0.949981998173;0;2
677.5783;2.3246;3.87433333333e-05;0.0045648426386;0.00072219341354;0.00167881080911;0.00288603182949;1.04757085072e-05;0;0;0.00167097970663;0.00458527916094;0.0;0.0;1;0.949989383717;0;2
679.8956;2.3173;3.86216666667e-05;0.00458527916094;0.000727854534476;0.00168665731274;0.0028986218482;1.04410511653e-05;0;0;0.00167882890708;0.00460563137079;0.0;0.0;1;0.95000283626;0;2
682.2056;2.31;3.85e-05;0.00460563137079;0.00073351108793;0.00169441061312;0.00291122075767;1.04064220785e-05;0;0;0.0016865852294;0.00462589956498;0.0;0.0;1;0.949981997107;0;2
684.5085;2.3029;3.83816666667e-05;0.00462589956498;0.000739162903019;0.00170221824936;0.00292368131562;1.03727215385e-05;0;0;0.00169439552552;0.00464608578628;8.67361737988e-19;0.0;1;0.950009616867;0;2
686.8043;2.2958;3.82633333333e-05;0.00464608578628;0.000744810300766;0.0017099354885;0.00293615029778;1.03390480227e-05;0;0;0.00170211572652;0.00466619030961;0.0;0.0;1;0.950004195537;0;2
689.0931;2.2888;3.81466666667e-05;0.00466619030961;0.000750453114208;0.0017176370878;0.00294855322181;1.03058513555e-05;0;0;0.00170982023526;0.00468621427239;0.0;0.0;1;0.950007471834;0;2
691.375;2.2819;3.80316666667e-05;0.00468621427239;0.000756091422111;0.00172532501612;0.00296088925627;1.02731308806e-05;0;0;0.00171751099946;0.00470615879151;0.0;0.0;1;0.950020178956;0;2
693.65;2.275;3.79166666667e-05;0.00470615879151;0.000761725303019;0.00173292506437;0.00297323372715;1.02404358982e-05;0;0;0.00172511412554;0.00472602408345;0.0;0.0;1;0.950001283029;0;2
695.9182;2.2682;3.78033333333e-05;0.00472602408345;0.000767354585344;0.00174051367048;0.00298551041298;1.02082160483e-05;0;0;0.00173270567344;0.0047458112037;8.67361737988e-19;0.0;1;0.949992884128;0;2
698.1797;2.2615;3.76916666667e-05;0.0047458112037;0.000772979338554;0.00174809277414;0.00299771842956;1.01764707107e-05;0;0;0.00174028753225;0.00476552115777;0.0;0.0;1;0.949995693295;0;2
700.4346;2.2549;3.75816666667e-05;0.00476552115777;0.000778599622966;0.00175566428983;0.00300985686794;1.01451992782e-05;0;0;0.00174786154777;0.00478515488309;0.0;0.0;1;0.950010413233;0;2
702.6829;2.2483;3.74716666667e-05;0.00478515488309;0.000784215484289;0.00176315167333;0.00302200320977;1.01139513758e-05;0;0;0.00175535142989;0.00480471235495;0.0;0.0;1;0.949995484527;0;2
704.9247;2.2418;3.73633333333e-05;0.00480471235495;0.000789826696356;0.00177063348789;0.00303407886706;1.00831764043e-05;0;0;0.00176283527325;0.00482419429724;0.0;0.0;1;0.949993480771;0;2
707.1601;2.2354;3.72566666667e-05;0.00482419429724;0.000795433249968;0.00177811148698;0.00304608281026;1.0052873789e-05;0;0;0.00177031466639;0.00484360126953;0.0;0.0;1;0.950005084091;0;2
709.3891;2.229;3.715e-05;0.00484360126953;0.000801035092209;0.00178550722053;0.003058094049;1.00225933879e-05;0;0;0.00177771129313;0.00486293274875;0.0;0.0;1;0.949988349349;0;2
711.6118;2.2227;3.7045e-05;0.00486293274875;0.000806631859433;0.00179290063396;0.00307003211479;9.99278442577e-06;0;0;0.00178510447342;0.00488218880378;0.0;0.0;1;0.949986201004;0;2
713.8283;2.2165;3.69416666667e-05;0.00488218880378;0.000812223359577;0.0018002930765;0.00308189572727;9.96344635759e-06;0;0;0.00179249520223;0.00490136914981;0.0;0.0;1;0.949999301587;0;2
716.0386;2.2103;3.68383333333e-05;0.00490136914981;0.000817809298889;0.00180760389333;0.00309376525648;9.9341292674e-06;0;0;0.00179980273393;0.00492047219448;0.0;0.0;1;0.949985326228;0;2
718.2428;2.2042;3.67366666667e-05;0.00492047219448;0.000823389001394;0.00181491403687;0.0031055581576;9.90528220663e-06;0;0;0.00180710712441;0.00493949666648;0.0;0.0;1;0.949987545762;0;2
720.441;2.1982;3.66366666667e-05;0.00493949666648;0.00082896188115;0.00182222400714;0.00311727265933;9.8769046583e-06;0;0;0.00181440821023;0.00495844063157;0.0;0.0;1;0.950006603759;0;2
722.6332;2.1922;3.65366666667e-05;0.00495844063157;0.000834527154158;0.00182945042735;0.00312899020422;9.84854692498e-06;0;0;0.00182162217962;0.00497730050359;0.0;0.0;1;0.949999800942;0;2
724.8195;2.1863;3.64383333333e-05;0.00497730050359;0.000840083543855;0.00183667465193;0.00314062585166;9.82065788829e-06;0;0;0.00182882910526;0.00499607263237;0.0;0.0;1;0.950010749496;0;2
726.9999;2.1804;3.634e-05;0.00499607263237;0.000845629744127;0.00184381109409;0.00315226153827;9.7927879917e-06;0;0;0.00183594268935;0.00501475143963;0.0;0.0;1;0.949996503783;0;2
729.1745;2.1746;3.62433333333e-05;0.00501475143963;0.000851163866147;0.00185094094332;0.00316381049631;9.76538600432e-06;0;0;0.00184304255216;0.0050333309958;8.67361737988e-19;0.0;1;0.950000900918;0;2
731.3433;2.1688;3.61466666667e-05;0.0050333309958;0.000856683899719;0.00185797604171;0.00317535495409;9.73800250772e-06;0;0;0.00185003955068;0.00505180316893;0.0;0.0;1;0.949980749442;0;2
733.5064;2.1631;3.60516666667e-05;0.00505180316893;0.000862187159906;0.00186499704559;0.00318680612334;9.71108616003e-06;0;0;0.00185701250923;0.00507015921307;0.0;0.0;1;0.949980106952;0;2
735.6639;2.1575;3.59583333333e-05;0.00507015921307;0.000867670753536;0.00187199965075;0.00319815956232;9.68463650008e-06;0;0;0.00186395554693;0.00508838880608;0.0;0.0;1;0.949999567229;0;2
737.8158;2.1519;3.5865e-05;0.00508838880608;0.000873131288582;0.0018788912199;0.00320949758618;9.65820431306e-06;0;0;0.00187077475206;0.00510647913392;0.0;0.0;1;0.949995565093;0;2
739.9622;2.1464;3.57733333333e-05;0.00510647913392;0.000878564593015;0.00188575104245;0.00322072809147;9.63223809473e-06;0;0;0.00187754736168;0.00512441654839;0.0;0.0;1;0.950012473343;0;2
742.1031;2.1409;3.56816666667e-05;0.00512441654839;0.000883966205463;0.00189248324928;0.00323193329912;9.60628876177e-06;0;0;0.00188417621381;0.00514218489083;0.0;0.0;1;0.950006470981;0;2
744.2386;2.1355;3.55916666667e-05;0.00514218489083;0.000889330866089;0.00189916606453;0.0032430188263;9.58080470244e-06;0;0;0.0018907375383;0.00515976722657;0.0;0.0;1;0.950022126005;0;2
746.3687;2.1301;3.55016666667e-05;0.00515976722657;0.000894653033609;0.00190570042689;0.00325406679968;9.55533696247e-06;0;0;0.00189713116306;0.00517714429244;-8.67361737988e-19;0.0;1;0.950015348571;0;2
748.4934;2.1247;3.54116666667e-05;0.00517714429244;0.000899926411955;0.00191207364748;0.00326507064496;9.5298853531e-06;0;0;0.00190334308345;0.00519429550972;0.0;0.0;1;0.949986169505;0;2
750.6128;2.1194;3.53233333333e-05;0.00519429550972;0.000905144251584;0.00191836272681;0.00327593278292;9.50489810255e-06;0;0;0.00190944879058;0.00521120000873;0.0;0.0;1;0.949979409149;0;2
752.727;2.1142;3.52366666667e-05;0.00521120000873;0.000910299659367;0.00192455553983;0.0032866444689;9.48037480191e-06;0;0;0.00191543530496;0.00522783606572;0.0;0.0;1;0.949995466656;0;2
754.836;2.109;3.515e-05;0.00522783606572;0.000915385427405;0.0019305478664;0.00329728819933;9.45586674797e-06;0;0;0.00192119830489;0.00524418063747;8.67361737988e-19;0.0;1;0.949989640191;0;2
756.9399;2.1039;3.5065e-05;0.00524418063747;0.000920393889622;0.00193641670438;0.00330776393309;9.43182201468e-06;0;0;0.0019268141826;0.00526021129368;0.0;0.0;1;0.950006919717;0;2
759.0387;2.0988;3.498e-05;0.00526021129368;0.000925317514079;0.00194205639855;0.00331815489513;9.40779202099e-06;0;0;0.00193217792478;0.00527590502789;0.0;0.0;1;0.950002239377;0;2
761.1325;2.0938;3.48966666667e-05;0.00527590502789;0.000930148541746;0.00194754501671;0.00332836001118;9.38422473874e-06;0;0;0.00193736772183;0.00529124017494;0.0;0.0;1;0.950020641452;0;2
763.2213;2.0888;3.48133333333e-05;0.00529124017494;0.00093487958003;0.00195277646677;0.00333846370817;9.36067170688e-06;0;0;0.00194227891068;0.00530619528048;0.0;0.0;1;0.950016644938;0;2
765.3051;2.0838;3.473e-05;0.00530619528048;0.000939503260825;0.00195773689491;0.00334845838557;9.33713276861e-06;0;0;0.00194689899032;0.00532075024313;0.0;0.0;1;0.949989697138;0;2
767.384;2.0789;3.46483333333e-05;0.00532075024313;0.000944012598923;0.0019625077919;0.00335824245122;9.31405574374e-06;0;0;0.00195131060316;0.00533488733198;0.0;0.0;1;0.94998481146;0;2
769.4581;2.0741;3.45683333333e-05;0.00533488733198;0.000948401316062;0.00196707916964;0.00336780816233;9.29144026738e-06;0;0;0.00195550567068;0.00534859072608;8.67361737988e-19;0.0;1;0.950001587509;0;2
771.5274;2.0693;3.44883333333e-05;0.00534859072608;0.000952663708205;0.00197134701139;0.00337724371469;9.26883811237e-06;0;0;0.00195938290341;0.00536184611332;0.0;0.0;1;0.94999355458;0;2
773.592;2.0646;3.441e-05;0.00536184611332;0.000956794529225;0.00197539798504;0.00338644812829;9.2466969518e-06;0;0;0.00196303078857;0.00537464221991;8.67361737988e-19;0.0;1;0.950005573793;0;2
775.6519;2.0599;3.43316666667e-05;0.00537464221991;0.000960789476048;0.00197913024171;0.00339551197819;9.2245686725e-06;0;0;0.00196635056491;0.00538696964109;8.67361737988e-19;0.0;1;0.949990621436;0;2
777.7072;2.0553;3.4255e-05;0.00538696964109;0.000964644833596;0.00198263452649;0.0034043351146;9.2029008504e-06;0;0;0.0019694349597;0.00539882217345;0.0;0.0;1;0.949993421024;0;2
779.758;2.0508;3.418e-05;0.00539882217345;0.000968357899518;0.00198590838033;0.00341291379312;9.18169314572e-06;0;0;0.00197228406669;0.00541019616666;0.0;0.0;1;0.95001271592;0;2
781.8043;2.0463;3.4105e-05;0.00541019616666;0.000971926790427;0.00198885379125;0.00342134237541;9.16049761389e-06;0;0;0.00197480307341;0.00542108995121;8.67361737988e-19;0.0;1;0.95000065455;0;2
783.8462;2.0419;3.40316666667e-05;0.00542108995121;0.000975350269163;0.0019915677146;0.00342952223661;9.13976168837e-06;0;0;0.00197709074166;0.00543150488324;-8.67361737988e-19;0.0;1;0.950001778759;0;2
785.8838;2.0376;3.396e-05;0.00543150488324;0.00097862807903;0.00199405257383;0.00343745230941;9.11948504366e-06;0;0;0.00197915179326;0.00544144461762;-8.67361737988e-19;0.0;1;0.950014373818;0;2
787.9171;2.0333;3.38883333333e-05;0.00544144461762;0.000981760721322;0.00199621407466;0.00344523054296;9.09921989961e-06;0;0;0.00198089482433;0.00545091448072;0.0;0.0;1;0.949989888894;0;2
789.9463;2.0292;3.382e-05;0.00545091448072;0.000984749261611;0.00199825320166;0.00345266127906;9.07986096011e-06;0;0;0.00198252130656;0.00545992272466;8.67361737988e-19;0.0;1;0.950019660239;0;2
791.9714;2.0251;3.37516666667e-05;0.00545992272466;0.000987595728755;0.0019999801103;0.00345994261435;9.06051299368e-06;0;0;0.00198384464664;0.00546847841466;8.67361737988e-19;0.0;1;0.950008282111;0;2
793.9925;2.0211;3.3685e-05;0.00546847841466;0.000990302450399;0.0020015002825;0.00346697813216;9.04162320306e-06;0;0;0.00198497112325;0.00547659263221;8.67361737988e-19;0.0;1;0.950000402889;0;2
796.0097;2.0172;3.362e-05;0.00547659263221;0.00099287243397;0.0020028222738;0.0034737703584;9.0231912859e-06;0;0;0.00198591060006;0.00548427776718;8.67361737988e-19;0.0;1;0.949994068023;0;2
798.0231;2.0134;3.35566666667e-05;0.00548427776718;0.00099530914366;0.00200395542984;0.00348032233734;9.00521694452e-06;0;0;0.00198667351256;0.00549154729962;8.67361737988e-19;0.0;1;0.949987383227;0;2
800.0328;2.0097;3.3495e-05;0.00549154729962;0.00099761643102;0.00200490974142;0.0034866375582;8.98769988585e-06;0;0;0.00198727072954;0.00549841558785;0.0;0.0;1;0.949978552744;0;2
802.039;2.0062;3.34366666667e-05;0.00549841558785;0.00099979846691;0.00200579568431;0.00349261990354;8.97108694171e-06;0;0;0.00198781250672;0.00550489798998;8.67361737988e-19;0.0;1;0.950013269648;0;2
804.0417;2.0027;3.33783333333e-05;0.00550489798998;0.00100185977895;0.00200642457931;0.00349847341068;8.95448349243e-06;0;0;0.00198811240952;0.00551100967004;0.0;0.0;1;0.949995497337;0;2
806.0411;1.9994;3.33233333333e-05;0.00551100967004;0.00100380487023;0.00200700745755;0.0035040022125;8.93878350022e-06;0;0;0.00198837999368;0.00551676675601;-8.67361737988e-19;0.0;1;0.950018639226;0;2
808.0372;1.9961;3.32683333333e-05;0.00551676675601;0.00100563858552;0.00200735518055;0.00350941157545;8.92309254349e-06;0;0;0.0019884281086;0.00552218492485;0.0;0.0;1;0.949986745523;0;2
810.0302;1.993;3.32166666667e-05;0.00552218492485;0.00100736565876;0.00200767975791;0.00351450516694;8.90830440419e-06;0;0;0.00198846692138;0.00552728045058;0.0;0.0;1;0.949994004084;0;2
812.0202;1.99;3.31666666667e-05;0.00552728045058;0.00100899104459;0.00200789217873;0.00351938827185;8.893971743e-06;0;0;0.00198840823516;0.00553206920193;0.0;0.0;1;0.949992384574;0;2
814.0073;1.9871;3.31183333333e-05;0.00553206920193;0.00101051959661;0.00200800349042;0.00352406571151;8.88009429774e-06;0;0;0.00198826289113;0.00553656684168;0.0;0.0;1;0.949981552658;0;2
815.9917;1.9844;3.30733333333e-05;0.00553656684168;0.00101195612847;0.00200812574133;0.00352844110035;8.86711860554e-06;0;0;0.00198814163448;0.00554078894956;8.67361737988e-19;0.0;1;0.95000930927;0;2
817.9734;1.9817;3.30283333333e-05;0.00554078894956;0.00101330545089;0.00200806741202;0.00353272153753;8.85415072974e-06;0;0;0.00198785456322;0.00554475028336;8.67361737988e-19;0.0;1;0.949980218353;0;2
819.9526;1.9792;3.29866666667e-05;0.00554475028336;0.00101457213332;0.00200804116627;0.00353670911709;8.84208401145e-06;0;0;0.00198761189805;0.0055484655978;8.67361737988e-19;0.0;1;0.949990449489;0;2
821.9294;1.9768;3.29466666667e-05;0.0055484655978;0.00101576076353;0.00200795587734;0.00354050972045;8.83047136321e-06;0;0;0.00198732302993;0.00555194894569;8.67361737988e-19;0.0;1;0.949992846519;0;2
823.9039;1.9745;3.29083333333e-05;0.00555194894569;0.00101687572222;0.00200782111351;0.00354412783218;8.81931254219e-06;0;0;0.00198699701449;0.00555521386746;0.0;0.0;1;0.94998827926;0;2
825.8762;1.9723;3.28716666667e-05;0.00555521386746;0.0010179212417;0.00200764606501;0.00354756780245;8.80860730887e-06;0;0;0.0019866425026;0.0055582733644;8.67361737988e-19;0.0;1;0.949977816724;0;2
827.8465;1.9703;3.28383333333e-05;0.0055582733644;0.00101890139565;0.00200754141985;0.00355073194455;8.79880195437e-06;0;0;0.00198636855055;0.00556114002648;0.0;0.0;1;0.950010922503;0;2
829.8148;1.9683;3.2805e-05;0.00556114002648;0.00101982013845;0.00200731197852;0.00355382804796;8.78900310275e-06;0;0;0.00198598152264;0.0055638255675;0.0;0.0;1;0.949992662246;0;2
831.7813;1.9665;3.2775e-05;0.0055638255675;0.00102068115482;0.00200716949095;0.00355665607655;8.78010357987e-06;0;0;0.00198569045116;0.00556634142413;0.0;0.0;1;0.950020994842;0;2
833.746;1.9647;3.2745e-05;0.00556634142413;0.00102148805042;0.00200691757267;0.00355942385146;8.77121019157e-06;0;0;0.00198530055158;0.00556869819285;0.0;0.0;1;0.950001032026;0;2
835.709;1.963;3.27166666667e-05;0.00556869819285;0.00102224417023;0.00200666530615;0.0035620328867;8.76276924117e-06;0;0;0.00198491926995;0.00557090605408;0.0;0.0;1;0.949982724337;0;2
837.6705;1.9615;3.26916666667e-05;0.00557090605408;0.00102295273337;0.00200652178651;0.00356438426757;8.75522681781e-06;0;0;0.00198465403546;0.00557297474287;0.0;0.0;1;0.950016305541;0;2
839.6305;1.96;3.26666666667e-05;0.00557297474287;0.00102361682291;0.0020062889729;0.00356668576997;8.74768999608e-06;0;0;0.00198430848644;0.00557491323308;8.67361737988e-19;0.0;1;0.950006829886;0;2
841.5891;1.9586;3.26433333333e-05;0.00557491323308;0.00102423928353;0.00200607506072;0.00356883817236;8.74060495679e-06;0;0;0.00198398919681;0.00557673009755;0.0;0.0;1;0.950004527122;0;2
843.5464;1.9573;3.26216666667e-05;0.00557673009755;0.0010248228364;0.00200588573769;0.00357084435986;8.7339714866e-06;0;0;0.00198370135119;0.00557843340623;0.0;0.0;1;0.950011285319;0;2
845.5024;1.956;3.26e-05;0.00557843340623;0.00102537004583;0.00200562380964;0.00357280959659;8.72734323377e-06;0;0;0.0019833484105;0.00558003066386;-8.67361737988e-19;0.0;1;0.949980422019;0;2
847.4573;1.9549;3.25816666667e-05;0.00558003066386;0.00102588329857;0.00200549926038;0.00357453140348;8.72161235591e-06;0;0;0.00198313762767;0.00558152908546;0.0;0.0;1;0.950010883428;0;2
849.4111;1.9538;3.25633333333e-05;0.00558152908546;0.00102636489188;0.00200531172576;0.00357621735969;8.71588636438e-06;0;0;0.00198287047243;0.00558293527909;0.0;0.0;1;0.950007382901;0;2
851.3639;1.9528;3.25466666667e-05;0.00558293527909;0.00102681693106;0.00200516810298;0.00357776717611;8.71061123781e-06;0;0;0.00198265228543;0.00558425551697;8.67361737988e-19;0.0;1;0.950020271556;0;2
853.3157;1.9518;3.253e-05;0.00558425551697;0.00102724141617;0.00200496979608;0.00357928572089;8.70534079941e-06;0;0;0.00198238522608;0.00558549560617;0.0;0.0;1;0.950002644681;0;2
855.2666;1.9509;3.2515e-05;0.00558549560617;0.00102764020012;0.00200482326641;0.00358067233976;8.7005209474e-06;0;0;0.00198217422955;0.00558666104836;8.67361737988e-19;0.0;1;0.950004823866;0;2
857.2166;1.95;3.25e-05;0.00558666104836;0.00102801503969;0.00200462932739;0.00358203172097;8.69570559047e-06;0;0;0.00198192091247;0.00558775692785;-8.67361737988e-19;0.0;1;0.949979759166;0;2
859.1658;1.9492;3.24866666667e-05;0.00558775692785;0.00102836755926;0.00200449404651;0.00358326288133;8.69134054708e-06;0;0;0.00198172984695;0.00558878805441;0.0;0.0;1;0.949977712736;0;2
861.1143;1.9485;3.2475e-05;0.00558878805441;0.00102869929651;0.00200442057926;0.00358436747515;8.68742562187e-06;0;0;0.00198160386607;0.0055897589156;8.67361737988e-19;0.0;1;0.95000023206;0;2
863.0621;1.9478;3.24633333333e-05;0.0055897589156;0.00102901168685;0.00200430896365;0.00358544995195;8.68351485071e-06;0;0;0.00198144387863;0.00559067364906;0.0;0.0;1;0.950000024407;0;2
865.0092;1.9471;3.24516666667e-05;0.00559067364906;0.00102930605432;0.00200416181836;0.0035865118307;8.67960820342e-06;0;0;0.00198125222948;0.00559153611864;0.0;0.0;1;0.949978436223;0;2
866.9557;1.9465;3.24416666667e-05;0.00559153611864;0.00102958363591;0.0020040845473;0.00358745157134;8.67615134088e-06;0;0;0.00198113288549;0.00559234997215;-8.67361737988e-19;0.0;1;0.949985560719;0;2
868.9017;1.946;3.24333333333e-05;0.00559234997215;0.00102984560003;0.00200407953766;0.00358827043449;8.67314407407e-06;0;0;0.00198108798178;0.00559311860553;0.0;0.0;1;0.950022685285;0;2
870.8471;1.9454;3.24233333333e-05;0.00559311860553;0.00103009303483;0.00200394298995;0.00358917561558;8.66969499352e-06;0;0;0.0019809158504;0.00559384510432;-8.67361737988e-19;0.0;1;0.949993363757;0;2
872.792;1.9449;3.2415e-05;0.00559384510432;0.00103032692924;0.00200388284468;0.00358996225964;8.66669537392e-06;0;0;0.00198082185639;0.00559453242065;-8.67361737988e-19;0.0;1;0.94999633848;0;2
874.7364;1.9444;3.24066666667e-05;0.00559453242065;0.00103054822988;0.00200379797818;0.00359073444247;8.6636994978e-06;0;0;0.00198070585623;0.00559518326587;0.0;0.0;1;0.949983849842;0;2
876.6804;1.944;3.24e-05;0.00559518326587;0.00103075780638;0.00200379317559;0.00359139009027;8.6611528321e-06;0;0;0.0019806712592;0.00559580019664;0.0;0.0;1;0.950005755985;0;2
878.624;1.9436;3.23933333333e-05;0.00559580019664;0.00103095647903;0.00200376701264;0.003592033184;8.65860974037e-06;0;0;0.00198061765093;0.00559638555852;0.0;0.0;1;0.950014155003;0;2
880.5672;1.9432;3.23866666667e-05;0.00559638555852;0.00103114500058;0.00200372096512;0.0035926645934;8.65607019776e-06;0;0;0.00198054634464;0.00559694153451;0.0;0.0;1;0.950009925552;0;2
882.51;1.9428;3.238e-05;0.00559694153451;0.00103132407177;0.00200365640663;0.00359328512788;8.65353417968e-06;0;0;0.00198045856198;0.00559747015568;0.0;0.0;1;0.949993895778;0;2
884.4525;1.9425;3.2375e-05;0.00559747015568;0.00103149434474;0.00200367776465;0.00359379239103;8.6514470001e-06;0;0;0.00198045739306;0.00559797333708;0.0;0.0;1;0.950015752046;0;2
886.3946;1.9421;3.23683333333e-05;0.00559797333708;0.00103165643454;0.00200357996151;0.00359439337557;8.64891788143e-06;0;0;0.00198034001596;0.00559845280699;0.0;0.0;1;0.949978429766;0;2
888.3364;1.9418;3.23633333333e-05;0.00559845280699;0.00103181089629;0.00200357039842;0.00359488240857;8.64683747723e-06;0;0;0.00198031131782;0.00559891022225;-8.67361737988e-19;0.0;1;0.949980428854;0;2
890.278;1.9416;3.236e-05;0.00559891022225;0.00103195826234;0.00200365016216;0.00359526006009;8.64520561166e-06;0;0;0.00198037226576;0.00559934712023;8.67361737988e-19;0.0;1;0.950022423815;0;2
892.2193;1.9413;3.2355e-05;0.00559934712023;0.00103209902672;0.00200361384058;0.00359573327965;8.64313173877e-06;0;0;0.00198031973635;0.00559976488427;8.67361737988e-19;0.0;1;0.950007171035;0;2
894.1603;1.941;3.235e-05;0.00559976488427;0.00103223363401;0.00200356548362;0.00359619940065;8.64106113637e-06;0;0;0.00198025648319;0.0056001648227;8.67361737988e-19;0.0;1;0.949984149998;0;2
896.1011;1.9408;3.23466666667e-05;0.0056001648227;0.00103236250477;0.00200360914926;0.00359655567344;8.6394388931e-06;0;0;0.0019802852696;0.00560054817081;0.0;0.0;1;0.950002837985;0;2
898.0417;1.9406;3.23433333333e-05;0.00560054817081;0.00103248603615;0.00200364240176;0.00359690576905;8.6378197641e-06;0;0;0.00198030477266;0.00560091605528;0.0;0.0;1;0.950014796927;0;2
899.9821;1.9404;3.234e-05;0.00560091605528;0.00103260459042;0.00200366594726;0.00359725010802;8.63620372861e-06;0;0;0.00198031561839;0.00560126952268;0.0;0.0;1;0.950020486494;0;2
901.9223;1.9402;3.23366666667e-05;0.00560126952268;0.00103271850414;0.00200368044174;0.00359758908094;8.63459076608e-06;0;0;0.00198031838822;0.00560160954505;0.0;0.0;1;0.950020336057;0;2
903.8623;1.94;3.23333333333e-05;0.00560160954505;0.00103282808994;0.00200368649449;0.00359792305056;8.63298085615e-06;0;0;0.00198031362211;0.00560193702515;0.0;0.0;1;0.950014746442;0;2
905.8021;1.9398;3.233e-05;0.00560193702515;0.0010329336382;0.00200368467137;0.00359825235378;8.63137397864e-06;0;0;0.00198030182146;0.00560225280126;0.0;0.0;1;0.950004091623;0;2
907.7417;1.9396;3.23266666667e-05;0.00560225280126;0.00103303541857;0.00200367549787;0.00359857730339;8.62977011356e-06;0;0;0.00198028345183;0.00560255765177;-8.67361737988e-19;0.0;1;0.94998872035;0;2
909.6812;1.9395;3.2325e-05;0.00560255765177;0.0010331336815;0.00200376277528;0.00359879487649;8.6286140931e-06;0;0;0.00198036105225;0.00560285231465;8.67361737988e-19;0.0;1;0.950017940316;0;2
911.6205;1.9393;3.23216666667e-05;0.00560285231465;0.00103322866444;0.00200374034895;0.0035991119657;8.62701612082e-06;0;0;0.00198033082844;0.00560313744469;0.0;0.0;1;0.949994096799;0;2
913.5597;1.9392;3.232e-05;0.00560313744469;0.00103332057808;0.00200381526501;0.00359932217968;8.62586588192e-06;0;0;0.00198039736546;0.00560341367926;0.0;0.0;1;0.950015436332;0;2
915.4987;1.939;3.23166666667e-05;0.00560341367926;0.00103340962753;0.00200378126779;0.00359963241147;8.6242737261e-06;0;0;0.00198035677727;0.00560368158168;0.0;0.0;1;0.949984248339;0;2
917.4376;1.9389;3.2315e-05;0.00560368158168;0.0010334959941;0.00200384538296;0.00359983619872;8.62312919368e-06;0;0;0.00198041363301;0.00560394170254;-8.67361737988e-19;0.0;1;0.94999875674;0;2
919.3764;1.9388;3.23133333333e-05;0.00560394170254;0.001033579855;0.00200390462287;0.00360003707967;8.6219874509e-06;0;0;0.00198046611381;0.00560419453937;-8.67361737988e-19;0.0;1;0.950010201599;0;2
921.3151;1.9387;3.23116666667e-05;0.00560419453937;0.00103366137037;0.00200395929874;0.00360023524063;8.62084847983e-06;0;0;0.00198051449534;0.00560444055416;0.0;0.0;1;0.950018793638;0;2
923.2536;1.9385;3.23083333333e-05;0.00560444055416;0.00103374068894;0.00200390632551;0.00360053422865;8.6192676624e-06;0;0;0.00198045686918;0.0056046801635;0.0;0.0;1;0.949975723134;0;2
925.192;1.9384;3.23066666667e-05;0.0056046801635;0.00103381794481;0.00200395270421;0.00360072745929;8.61813425253e-06;0;0;0.00198049778707;0.00560491377878;0.0;0.0;1;0.949979178338;0;2
927.1303;1.9383;3.2305e-05;0.00560491377878;0.00103389327042;0.00200399532605;0.00360091845273;8.61700356119e-06;0;0;0.00198053532071;0.00560514176988;0.0;0.0;1;0.949980328737;0;2
929.0685;1.9382;3.23033333333e-05;0.00560514176988;0.00103396678487;0.00200403442243;0.00360110734745;8.61587557109e-06;0;0;0.00198056967511;0.00560536448032;8.67361737988e-19;0.0;1;0.949979331776;0;2
931.0066;1.9381;3.23016666667e-05;0.00560536448032;0.00103403859876;0.00200407020825;0.00360129427207;8.61475026511e-06;0;0;0.00198060104072;0.00560558222918;-8.67361737988e-19;0.0;1;0.949976333771;0;2
932.9447;1.9381;3.23016666667e-05;0.00560558222918;0.00103410881483;0.00200420629402;0.00360137593516;8.61407205098e-06;0;0;0.0019807317941;0.00560579532387;0.0;0.0;1;0.950020488809;0;1
934.8827;1.938;3.23e-05;0.00560579532387;0.00103417753208;0.00200423605717;0.00360155926671;8.61295199295e-06;0;0;0.00198075771353;0.00560600402824;-8.67361737988e-19;0.0;1;0.950013891306;0;2
936.8206;1.9379;3.22983333333e-05;0.00560600402824;0.00103424483546;0.00200426306664;0.00360174096161;8.61183456895e-06;0;0;0.00198078113777;0.00560620859815;0.0;0.0;1;0.950005672088;0;2
938.7584;1.9378;3.22966666667e-05;0.00560620859815;0.00103431080737;0.00200428748252;0.00360192111563;8.61071976247e-06;0;0;0.0019808022088;0.00560640927133;0.0;0.0;1;0.949995940152;0;2
940.6961;1.9377;3.2295e-05;0.00560640927133;0.00103437552437;0.00200430945358;0.00360209981775;8.60960755711e-06;0;0;0.00198082105856;0.00560660626875;8.67361737988e-19;0.0;1;0.949984796725;0;2
942.6338;1.9377;3.2295e-05;0.00560660626875;0.00103443905763;0.00200443256197;0.00360217370678;8.608942189e-06;0;0;0.00198094004122;0.00560679980582;0.0;0.0;1;0.950021364108;0;1
944.5714;1.9376;3.22933333333e-05;0.00560679980582;0.00103450147652;0.00200445006091;0.00360234974491;8.60783506907e-06;0;0;0.00198095481993;0.0056069900631;-8.67361737988e-19;0.0;1;0.950007676647;0;2
946.5089;1.9375;3.22916666667e-05;0.0056069900631;0.0010345628392;0.00200446550095;0.00360252456216;8.60673050235e-06;0;0;0.00198096771986;0.00560717721818;0.0;0.0;1;0.949992839861;0;2
948.4463;1.9374;3.229e-05;0.00560717721818;0.00103462320286;0.00200447899322;0.00360269822496;8.60562847299e-06;0;0;0.00198097883972;0.00560736143621;0.0;0.0;1;0.949976929021;0;2
950.3837;1.9374;3.229e-05;0.00560736143621;0.00103468262069;0.00200459410933;0.00360276732688;8.60497308213e-06;0;0;0.00198109052643;0.00560754288022;8.67361737988e-19;0.0;1;0.950009049271;0;1
952.321;1.9373;3.22883333333e-05;0.00560754288022;0.00103474114522;0.00200460402064;0.00360293885958;8.60387601338e-06;0;0;0.0019810983666;0.0056077216835;-8.67361737988e-19;0.0;1;0.949991198211;0;2
954.2583;1.9373;3.22883333333e-05;0.0056077216835;0.00103479881938;0.00200471575278;0.00360300593073;8.60322548548e-06;0;0;0.00198120694969;0.00560789798826;0.0;0.0;1;0.950021506409;0;1
956.1955;1.9372;3.22866666667e-05;0.00560789798826;0.00103485568896;0.00200472244065;0.00360317554761;8.60213331688e-06;0;0;0.00198121182805;0.00560807190901;0.0;0.0;1;0.950001956003;0;2
958.1326;1.9371;3.2285e-05;0.00560807190901;0.00103491179086;0.00200472763007;0.00360334427894;8.6010436093e-06;0;0;0.0019812153258;0.00560824356113;0.0;0.0;1;0.949981634199;0;2
960.0697;1.9371;3.2285e-05;0.00560824356113;0.00103496716224;0.00200483488997;0.00360340867116;8.60040029783e-06;0;0;0.00198131979003;0.0056084130609;0.0;0.0;1;0.95000963212;0;1
962.0067;1.937;3.22833333333e-05;0.0056084130609;0.00103502184056;0.00200483730516;0.00360357575574;8.5993154013e-06;0;0;0.00198132072581;0.00560858049948;0.0;0.0;1;0.949987911626;0;2
963.9437;1.937;3.22833333333e-05;0.00560858049948;0.00103507585518;0.00200494193148;0.003603638568;8.59867680575e-06;0;0;0.0019814227543;0.00560874597883;0.0;0.0;1;0.950014599942;0;1
965.8806;1.9369;3.22816666667e-05;0.00560874597883;0.00103512923895;0.00200494182292;0.00360380415591;8.59759666237e-06;0;0;0.00198142135135;0.00560890957726;0.0;0.0;1;0.949991647069;0;2
967.8175;1.9369;3.22816666667e-05;0.00560890957726;0.00103518201709;0.00200504404891;0.00360386552835;8.59696272581e-06;0;0;0.0019815211521;0.0056090713844;0.0;0.0;1;0.950017180111;0;1
969.7543;1.9368;3.228e-05;0.0056090713844;0.00103523421848;0.00200504163436;0.00360402975004;8.59588727865e-06;0;0;0.00198151760474;0.0056092314675;0.0;0.0;1;0.949993138329;0;2
971.6911;1.9368;3.228e-05;0.0056092314675;0.00103528586478;0.00200514166291;0.00360408980459;8.5952579451e-06;0;0;0.00198161535894;0.00560938990558;-8.67361737988e-19;0.0;1;0.950017649257;0;1
973.6278;1.9367;3.22783333333e-05;0.00560938990558;0.00103533698145;0.00200513713197;0.00360425277361;8.59418713817e-06;0;0;0.00198160983659;0.0056095467564;0.0;0.0;1;0.949992642384;0;2
975.5645;1.9367;3.22783333333e-05;0.0056095467564;0.00103538758708;0.0020052351399;0.00360431161649;8.59356235258e-06;0;0;0.00198170570233;0.0056097020898;0.0;0.0;1;0.95001624614;0;1
977.5011;1.9366;3.22766666667e-05;0.0056097020898;0.00103543770419;0.00200522865793;0.00360447343187;8.59249613084e-06;0;0;0.00198169835298;0.00560985595539;8.67361737988e-19;0.0;1;0.949990381084;0;2
979.4377;1.9366;3.22766666667e-05;0.00560985595539;0.00103548734873;0.00200532479956;0.00360453115583;8.59187583909e-06;0;0;0.00198179246846;0.00561000841512;0.0;0.0;1;0.950013176941;0;1
981.3742;1.9365;3.2275e-05;0.00561000841512;0.00103553654069;0.00200531651105;0.00360469190407;8.5908141484e-06;0;0;0.00198178342163;0.00561015951155;0.0;0.0;1;0.949986546069;0;2
983.3107;1.9365;3.2275e-05;0.00561015951155;0.00103558529376;0.00200541092136;0.00360474859019;8.59019829724e-06;0;0;0.00198187590796;0.00561030929985;0.0;0.0;1;0.950008619821;0;1
985.2471;1.9364;3.22733333333e-05;0.00561030929985;0.00103563362571;0.00200540095282;0.00360490834703;8.58914108436e-06;0;0;0.00198186527725;0.00561045781653;0.0;0.0;1;0.949981302991;0;2
987.1835;1.9364;3.22733333333e-05;0.00561045781653;0.0010356815483;0.00200549375013;0.0036049640664;8.58852962146e-06;0;0;0.00198195624076;0.00561060511088;0.0;0.0;1;0.950002728845;0;1
989.1199;1.9364;3.22733333333e-05;0.00561060511088;0.00103572907741;0.0020055857855;0.00360501932537;8.5879203019e-06;0;0;0.00198204648336;0.00561075122176;-8.67361737988e-19;0.0;1;0.950023856503;0;1
991.0562;1.9363;3.22716666667e-05;0.00561075122176;0.00103577622557;0.00200557350557;0.00360517771619;8.58686967656e-06;0;0;0.001982033665;0.00561089617819;0.0;0.0;1;0.949995638436;0;2
992.9925;1.9363;3.22716666667e-05;0.00561089617819;0.0010358230021;0.00200566407897;0.00360523209922;8.58626466865e-06;0;0;0.00198212252086;0.00561104002208;8.67361737988e-19;0.0;1;0.950016211218;0;1
994.9287;1.9362;3.227e-05;0.00561104002208;0.00103586942052;0.00200565037201;0.00360538965007;8.58521839212e-06;0;0;0.00198210834659;0.00561118277826;0.0;0.0;1;0.949987462981;0;2
996.8649;1.9362;3.227e-05;0.00561118277826;0.00103591548882;0.00200573956944;0.00360544320882;8.58461764562e-06;0;0;0.00198219589341;0.00561132448459;0.0;0.0;1;0.950007532738;0;1
998.801;1.9361;3.22683333333e-05;0.00561132448459;0.00103596121918;0.00200572451646;0.00360559996813;8.58357566763e-06;0;0;0.00198218043651;0.0056114651623;0.0;0.0;1;0.949978302689;0;2
1000.7371;1.9361;3.22683333333e-05;0.0056114651623;0.00103600661846;0.00200581241399;0.0036056527483;8.58297913311e-06;0;0;0.00198226674319;0.0056116048457;0.0;0.0;1;0.949997914435;0;1
1002.6732;1.9361;3.22683333333e-05;0.0056116048457;0.00103605169769;0.0020058996919;0.0036057051538;8.58238465564e-06;0;0;0.00198235245767;0.00561174356015;0.0;0.0;1;0.950017313194;0;1
1004.6092;1.936;3.22666666667e-05;0.00561174356015;0.00103609646505;0.00200588275634;0.00360586080381;8.58134900248e-06;0;0;0.00198233520096;0.00561188132243;0.0;0.0;1;0.949987438454;0;2
1006.5452;1.936;3.22666666667e-05;0.00561188132243;0.00103614092594;0.00200596883262;0.00360591248981;8.58075866465e-06;0;0;0.00198241976458;0.00561201816239;0.0;0.0;1;0.95000643593;0;1
1008.4811;1.9359;3.2265e-05;0.00561201816239;0.00103618508997;0.00200595071567;0.00360606744672;8.57972718818e-06;0;0;0.00198240137481;0.00561215409434;-8.67361737988e-19;0.0;1;0.949976174389;0;2
1010.417;1.9359;3.2265e-05;0.00561215409434;0.00103622896174;0.00200603564704;0.00360611844731;8.57914094253e-06;0;0;0.00198248483929;0.00561228914565;0.0;0.0;1;0.949994802403;0;1
1012.3529;1.9359;3.2265e-05;0.00561228914565;0.00103627255008;0.0020061200297;0.00360616911596;8.57855669527e-06;0;0;0.0019825677762;0.00561242333546;0.0;0.0;1;0.950013257293;0;1
1014.2887;1.9358;3.22633333333e-05;0.00561242333546;0.00103631586114;0.00200610024399;0.00360632309147;8.57753136502e-06;0;0;0.00198254778154;0.00561255667498;8.67361737988e-19;0.0;1;0.94998247111;0;2
1016.2245;1.9358;3.22633333333e-05;0.00561255667498;0.00103635889853;0.00200618355577;0.00360637311922;8.57695114045e-06;0;0;0.00198262968704;0.00561268918844;8.67361737988e-19;0.0;1;0.950000596848;0;1
1018.1603;1.9358;3.22633333333e-05;0.00561268918844;0.00103640167005;0.00200626635288;0.00360642283556;8.57637288026e-06;0;0;0.00198271109617;0.00561282089219;0.0;0.0;1;0.95001856766;0;1
1020.096;1.9357;3.22616666667e-05;0.00561282089219;0.00103644418097;0.0020062450011;0.00360657589109;8.57535359264e-06;0;0;0.00198268959079;0.00561295179496;-8.67361737988e-19;0.0;1;0.949987311647;0;2
1022.0317;1.9357;3.22616666667e-05;0.00561295179496;0.00103648643409;0.00200632679046;0.0036066250045;8.5747792873e-06;0;0;0.00198277002653;0.00561308191841;-8.67361737988e-19;0.0;1;0.950004986342;0;1
1023.9674;1.9357;3.22616666667e-05;0.00561308191841;0.00103652843639;0.00200640809432;0.00360667382409;8.57420691312e-06;0;0;0.00198284999277;0.00561321127662;8.67361737988e-19;0.0;1;0.95002252106;0;1
1025.903;1.9356;3.226e-05;0.00561321127662;0.0010365701924;0.00200638526441;0.00360682601221;8.57319356696e-06;0;0;0.0019828270577;0.00561333987634;0.0;0.0;1;0.949990840255;0;2
1027.8386;1.9356;3.226e-05;0.00561333987634;0.00103661170429;0.00200646561482;0.00360687426152;8.57262508139e-06;0;0;0.00198290610069;0.00561346773712;0.0;0.0;1;0.950008106071;0;1
1029.7741;1.9355;3.22583333333e-05;0.00561346773712;0.00103665297836;0.00200644183961;0.00360702589751;8.57161566064e-06;0;0;0.00198288224942;0.0056135948646;-8.67361737988e-19;0.0;1;0.949976162566;0;2
1031.7096;1.9355;3.22583333333e-05;0.0056135948646;0.00103669401641;0.00200652126876;0.00360707359585;8.57105102016e-06;0;0;0.001982960399;0.00561372127715;8.67361737988e-19;0.0;1;0.949993174986;0;1
1033.6451;1.9355;3.22583333333e-05;0.00561372127715;0.00103673482436;0.00200660025255;0.0036071210246;8.57048825711e-06;0;0;0.00198303811629;0.00561384698597;0.0;0.0;1;0.950010066831;0;1
1035.5805;1.9354;3.22566666667e-05;0.00561384698597;0.00103677540582;0.00200657512042;0.00360727186555;8.56948461414e-06;0;0;0.00198301294769;0.00561397199529;0.0;0.0;1;0.949977756999;0;2
1037.5159;1.9354;3.22566666667e-05;0.00561397199529;0.00103681576214;0.00200665322604;0.00360731876924;8.5689256325e-06;0;0;0.00198308981167;0.00561409632195;0.0;0.0;1;0.949994415413;0;1
1039.4513;1.9354;3.22566666667e-05;0.00561409632195;0.00103685589875;0.00200673090643;0.00360736541552;8.56836849709e-06;0;0;0.00198316626215;0.00561421997584;-8.67361737988e-19;0.0;1;0.950010962358;0;1
1041.3866;1.9353;3.2255e-05;0.00561421997584;0.00103689581882;0.00200670447816;0.00360751549768;8.56737053688e-06;0;0;0.00198313983292;0.00561434296006;8.67361737988e-19;0.0;1;0.949978313651;0;2
1043.3219;1.9353;3.2255e-05;0.00561434296006;0.00103693552335;0.00200678131834;0.00360756164172;8.56681712065e-06;0;0;0.00198321546559;0.00561446529019;0.0;0.0;1;0.949994643896;0;1
1045.2572;1.9353;3.2255e-05;0.00561446529019;0.00103697501736;0.0020068577511;0.00360760753909;8.56626552018e-06;0;0;0.00198329070145;0.00561458697503;8.67361737988e-19;0.0;1;0.950010870332;0;1
1047.1924;1.9352;3.22533333333e-05;0.00561458697503;0.00103701430368;0.00200683008048;0.00360775689455;8.56527314991e-06;0;0;0.00198326306202;0.00561470801675;0.0;0.0;1;0.949977905842;0;2
1049.1276;1.9352;3.22533333333e-05;0.00561470801675;0.001037053383;0.00200690570677;0.00360780230998;8.56472520781e-06;0;0;0.00198333751178;0.00561482842989;8.67361737988e-19;0.0;1;0.949993929706;0;1
1051.0628;1.9352;3.22533333333e-05;0.00561482842989;0.00103709225999;0.00200698094154;0.00360784748835;8.56417905171e-06;0;0;0.0019834115797;0.00561494822233;0.0;0.0;1;0.950009856251;0;1
1052.9979;1.9351;3.22516666667e-05;0.00561494822233;0.00103713093721;0.0020069520766;0.00360799614573;8.56319218064e-06;0;0;0.0019833827753;0.00561506739552;0.0;0.0;1;0.949976595556;0;2
1054.933;1.9351;3.22516666667e-05;0.00561506739552;0.0010371694151;0.00200702653516;0.00360804086035;8.5626496235e-06;0;0;0.00198345608568;0.00561518596308;0.0;0.0;1;0.949992331554;0;1
1056.8681;1.9351;3.22516666667e-05;0.00561518596308;0.00103720769806;0.00200710061651;0.00360808534656;8.56210882325e-06;0;0;0.00198352902775;0.00561530393215;0.0;0.0;1;0.950007975781;0;1
1058.8032;1.9351;3.22516666667e-05;0.00561530393215;0.00103724578838;0.00200717432509;0.00360812960706;8.56156977043e-06;0;0;0.00198360160571;0.00561542130967;0.0;0.0;1;0.950023529905;0;1
1060.7382;1.935;3.225e-05;0.00561542130967;0.00103728368829;0.00200714393683;0.00360827737283;8.56059007562e-06;0;0;0.00198357131352;0.00561553809627;0.0;0.0;1;0.949989900427;0;2
1062.6732;1.935;3.225e-05;0.00561553809627;0.00103732139798;0.0020072169051;0.00360832119117;8.5600545448e-06;0;0;0.00198364316798;0.00561565430461;0.0;0.0;1;0.95000527744;0;1
1064.6082;1.935;3.225e-05;0.00561565430461;0.00103735892155;0.00200728951319;0.00360836479142;8.55952073318e-06;0;0;0.00198371467033;0.00561576994102;0.0;0.0;1;0.95002056891;0;1
1066.5431;1.9349;3.22483333333e-05;0.00561576994102;0.00103739626101;0.00200725802542;0.0036085119156;8.55854633405e-06;0;0;0.00198368330307;0.00561588500567;0.0;0.0;1;0.949986678764;0;2
1068.478;1.9349;3.22483333333e-05;0.00561588500567;0.00103743341642;0.00200732991742;0.00360855508824;8.55801598807e-06;0;0;0.001983754105;0.00561599951059;8.67361737988e-19;0.0;1;0.950001801665;0;1
1070.4129;1.9349;3.22483333333e-05;0.00561599951059;0.00103747039165;0.0020074014608;0.00360859804979;8.55748733371e-06;0;0;0.00198382456582;0.00561611346161;8.67361737988e-19;0.0;1;0.950016843005;0;1
1072.3477;1.9348;3.22466666667e-05;0.00561611346161;0.00103750718858;0.00200736890847;0.00360874455314;8.55651814615e-06;0;0;0.00198379215686;0.00561622685853;8.67361737988e-19;0.0;1;0.949982704207;0;2
1074.2825;1.9348;3.22466666667e-05;0.00561622685853;0.00103754380714;0.00200743975804;0.00360878710048;8.55599290233e-06;0;0;0.00198386193858;0.00561633971282;0.0;0.0;1;0.949997584468;0;1
1076.2173;1.9348;3.22466666667e-05;0.00561633971282;0.00103758025101;0.00200751026966;0.00360882944316;8.55546932314e-06;0;0;0.0019839313894;0.00561645202991;0.0;0.0;1;0.950012386671;0;1
1078.152;1.9347;3.2245e-05;0.00561645202991;0.00103761652196;0.00200747668503;0.00360897534488;8.55450526491e-06;0;0;0.00198389796964;0.00561656380926;8.67361737988e-19;0.0;1;0.949978009807;0;2
1080.0867;1.9347;3.2245e-05;0.00561656380926;0.00103765261978;0.0020075465235;0.00360901728576;8.55398504239e-06;0;0;0.00198396676116;0.00561667506188;8.67361737988e-19;0.0;1;0.949992657558;0;1
1082.0214;1.9347;3.2245e-05;0.00561667506188;0.00103768854805;0.0020076160339;0.00360905902798;8.55346645812e-06;0;0;0.00198403523131;0.00561678579282;-8.67361737988e-19;0.0;1;0.950007230365;0;1
1083.9561;1.9347;3.2245e-05;0.00561678579282;0.00103772430836;0.00200768521939;0.00360910057343;8.55294950353e-06;0;0;0.00198410338308;0.00561689600702;-8.67361737988e-19;0.0;1;0.950021729188;0;1
1085.8907;1.9346;3.22433333333e-05;0.00561689600702;0.00103775990232;0.00200765030703;0.00360924569999;8.55199214189e-06;0;0;0.00198406866241;0.00561700570358;8.67361737988e-19;0.0;1;0.949987049864;0;2
1087.8253;1.9346;3.22433333333e-05;0.00561700570358;0.00103779532963;0.0020077188447;0.00360928685889;8.55147847414e-06;0;0;0.00198413617926;0.00561711489301;0.0;0.0;1;0.950001401977;0;1
1089.7599;1.9346;3.22433333333e-05;0.00561711489301;0.00103783059366;0.0020077870665;0.00360932782651;8.55096641044e-06;0;0;0.00198420338648;0.00561722357991;0.0;0.0;1;0.950015682802;0;1
1091.6944;1.9345;3.22416666667e-05;0.00561722357991;0.00103786569591;0.00200775118874;0.00360947239117;8.55001399342e-06;0;0;0.00198416771937;0.00561733176321;0.0;0.0;1;0.949980785873;0;2
1093.6289;1.9345;3.22416666667e-05;0.00561733176321;0.00103790063602;0.00200781878038;0.00360951298283;8.54950516539e-06;0;0;0.0019842343087;0.00561743945303;0.0;0.0;1;0.949994925141;0;1
1095.5634;1.9345;3.22416666667e-05;0.00561743945303;0.00103793541725;0.00200788606467;0.00360955338836;8.54899791636e-06;0;0;0.00198430059662;0.00561754665373;-8.67361737988e-19;0.0;1;0.950008995565;0;1
1097.4979;1.9345;3.22416666667e-05;0.00561754665373;0.001037970041;0.00200795304431;0.00360959360942;8.54849223818e-06;0;0;0.00198436658575;0.0056176533696;8.67361737988e-19;0.0;1;0.950022997908;0;1
1099.4323;1.9344;3.224e-05;0.0056176533696;0.00103800450865;0.00200791592152;0.00360973744808;8.54754627811e-06;0;0;0.00198432969753;0.00561775959932;0.0;0.0;1;0.949987822704;0;2
1101.3667;1.9344;3.224e-05;0.00561775959932;0.00103803881976;0.00200798229295;0.00360977730637;8.54704376926e-06;0;0;0.00198439509;0.0056178653526;-8.67361737988e-19;0.0;1;0.950001689646;0;1
1103.3011;1.9344;3.224e-05;0.0056178653526;0.00103807297747;0.00200804836763;0.00360981698497;8.54654280692e-06;0;0;0.00198446019133;0.00561797063349;0.0;0.0;1;0.950015490677;0;1
1105.2354;1.9343;3.22383333333e-05;0.00561797063349;0.00103810698309;0.00200801033738;0.00360996029611;8.54560161598e-06;0;0;0.00198442241272;0.00561807544055;0.0;0.0;1;0.94998011413;0;2
1107.1697;1.9343;3.22383333333e-05;0.00561807544055;0.00103814083612;0.00200807581931;0.00360999962123;8.54510377434e-06;0;0;0.00198448693238;0.00561817978318;0.0;0.0;1;0.949993783946;0;1
1109.104;1.9343;3.22383333333e-05;0.00561817978318;0.00103817453962;0.00200814101198;0.00361003877119;8.54460745539e-06;0;0;0.00198455116817;0.00561828366525;0.0;0.0;1;0.95000738985;0;1
1111.0383;1.9343;3.22383333333e-05;0.00561828366525;0.00103820809481;0.0020082059178;0.00361007774745;8.5441126514e-06;0;0;0.00198461512242;0.00561838709055;0.0;0.0;1;0.950020932475;0;1
1112.9725;1.9342;3.22366666667e-05;0.00561838709055;0.00103824150293;0.00200816671497;0.00361022037559;8.54317768963e-06;0;0;0.00198457619292;0.00561849005749;0.0;0.0;1;0.949985297282;0;2
1114.9067;1.9342;3.22366666667e-05;0.00561849005749;0.00103827476344;0.00200823104745;0.00361025901004;8.54268594325e-06;0;0;0.00198463958436;0.00561859257512;-8.67361737988e-19;0.0;1;0.949998713787;0;1
1116.8409;1.9342;3.22366666667e-05;0.00561859257512;0.00103830787927;0.00200829510009;0.00361029747504;8.54219568869e-06;0;0;0.00198470270108;0.00561869464709;0.0;0.0;1;0.950012068826;0;1
1118.775;1.9341;3.2235e-05;0.00561869464709;0.00103834085159;0.00200825504106;0.00361043960603;8.54126532918e-06;0;0;0.00198466293098;0.00561879627168;0.0;0.0;1;0.949976245749;0;2
1120.7091;1.9341;3.2235e-05;0.00561879627168;0.00103837367984;0.00200831853417;0.00361047773751;8.54077808598e-06;0;0;0.00198472549832;0.00561889745774;8.67361737988e-19;0.0;1;0.949989478195;0;1
1122.6432;1.9341;3.2235e-05;0.00561889745774;0.00103840636686;0.00200838175415;0.00361051570359;8.54029231194e-06;0;0;0.00198478779746;0.00561899820873;0.0;0.0;1;0.950002650871;0;1
1124.5773;1.9341;3.2235e-05;0.00561899820873;0.00103843891379;0.00200844470315;0.00361055350558;8.53980799969e-06;0;0;0.0019848498305;0.00561909852807;8.67361737988e-19;0.0;1;0.950015764315;0;1
1126.5113;1.934;3.22333333333e-05;0.00561909852807;0.0010384713217;0.00200840353617;0.00361069499191;8.53888365269e-06;0;0;0.00198480897237;0.00561919841395;0.0;0.0;1;0.949979699114;0;2
1128.4453;1.934;3.22333333333e-05;0.00561919841395;0.00103850359001;0.00200846594309;0.00361073247087;8.53840229179e-06;0;0;0.00198487047302;0.00561929787493;8.67361737988e-19;0.0;1;0.949992694323;0;1
1130.3793;1.934;3.22333333333e-05;0.00561929787493;0.00103853572149;0.00200852808536;0.00361076978957;8.53792237067e-06;0;0;0.00198493171374;0.00561939691427;8.67361737988e-19;0.0;1;0.950005631864;0;1
1132.3133;1.934;3.22333333333e-05;0.00561939691427;0.00103856771718;0.00200858996502;0.00361080694926;8.53744388215e-06;0;0;0.00198499269652;0.00561949553523;8.67361737988e-19;0.0;1;0.950018512235;0;1
1134.2472;1.9339;3.22316666667e-05;0.00561949553523;0.00103859957812;0.00200854772412;0.00361094781111;8.53652542872e-06;0;0;0.00198495078354;0.00561959373589;8.67361737988e-19;0.0;1;0.949982213313;0;2
1136.1811;1.9339;3.22316666667e-05;0.00561959373589;0.00103863130369;0.00200860907821;0.00361098465768;8.53604983321e-06;0;0;0.00198501125003;0.00561969152454;8.67361737988e-19;0.0;1;0.94999497948;0;1
1138.115;1.9339;3.22316666667e-05;0.00561969152454;0.00103866289657;0.00200867017568;0.00361102134886;8.53557564889e-06;0;0;0.00198507146442;0.0056197889043;0.0;0.0;1;0.950007689929;0;1
1140.0489;1.9339;3.22316666667e-05;0.0056197889043;0.00103869435776;0.00200873101846;0.00361105788584;8.53510286881e-06;0;0;0.00198513142861;0.00561988587824;0.0;0.0;1;0.950020345124;0;1
1141.9827;1.9338;3.223e-05;0.00561988587824;0.00103872568824;0.00200868773591;0.00361119814233;8.53419019328e-06;0;0;0.00198508849224;0.00561998244437;8.67361737988e-19;0.0;1;0.949983820284;0;2
1143.9165;1.9338;3.223e-05;0.00561998244437;0.00103875688736;0.00200874806878;0.00361123437559;8.53372024945e-06;0;0;0.00198514795541;0.00562007861075;0.0;0.0;1;0.949996365029;0;1
1145.8503;1.9338;3.223e-05;0.00562007861075;0.00103878795773;0.00200880815267;0.00361127045809;8.53325168904e-06;0;0;0.00198520717394;0.00562017438034;0.0;0.0;1;0.950008855877;0;1
1147.7841;1.9338;3.223e-05;0.00562017438034;0.0010388189003;0.0020088679894;0.00361130639094;8.53278450526e-06;0;0;0.00198526614962;0.00562026975606;0.0;0.0;1;0.95002129326;0;1
1149.7178;1.9337;3.22283333333e-05;0.00562026975606;0.001038849716;0.00200882369583;0.00361144606022;8.53187749512e-06;0;0;0.00198522221979;0.00562036473585;0.0;0.0;1;0.949984549792;0;2
1151.6515;1.9337;3.22283333333e-05;0.00562036473585;0.00103888040417;0.00200888303754;0.00361148169831;8.53141309241e-06;0;0;0.00198528070901;0.00562045932755;0.0;0.0;1;0.949996880246;0;1
1153.5852;1.9337;3.22283333333e-05;0.00562045932755;0.00103891096733;0.00200894213753;0.00361151719003;8.53095004607e-06;0;0;0.00198533896067;0.00562055353398;-8.67361737988e-19;0.0;1;0.950009158508;0;1
1155.5189;1.9337;3.22283333333e-05;0.00562055353398;0.00103894140639;0.00200900099754;0.00361155253645;8.53048834953e-06;0;0;0.0019853969765;0.00562064735793;-8.67361737988e-19;0.0;1;0.950021384988;0;1
1157.4525;1.9336;3.22266666667e-05;0.00562064735793;0.00103897172224;0.00200895572213;0.0036116916358;8.52958689532e-06;0;0;0.00198535208171;0.00562074079728;0.0;0.0;1;0.949984429741;0;2
1159.3861;1.9336;3.22266666667e-05;0.00562074079728;0.00103900191421;0.00200901410131;0.00361172669597;8.52912792614e-06;0;0;0.00198540962495;0.00562083385966;0.0;0.0;1;0.949996552604;0;1
1161.3197;1.9336;3.22266666667e-05;0.00562083385966;0.00103903198474;0.00200907224568;0.00361176161398;8.52867028704e-06;0;0;0.0019854669374;0.00562092654776;8.67361737988e-19;0.0;1;0.950008624886;0;1
1163.2533;1.9336;3.22266666667e-05;0.00562092654776;0.0010390619347;0.00200913015693;0.00361179639083;8.52821397161e-06;0;0;0.00198552402071;0.00562101886424;-8.67361737988e-19;0.0;1;0.950020646973;0;1
1165.1868;1.9335;3.2225e-05;0.00562101886424;0.00103909176494;0.00200908392752;0.00361193493672;8.52731796683e-06;0;0;0.0019854781882;0.00562111080695;-8.67361737988e-19;0.0;1;0.949983486405;0;2
1167.1203;1.9335;3.2225e-05;0.00562111080695;0.00103912147478;0.00200914137149;0.00361196943546;8.52686432651e-06;0;0;0.00198553481217;0.00562120238331;-8.67361737988e-19;0.0;1;0.949995408005;0;1
1169.0538;1.9335;3.2225e-05;0.00562120238331;0.0010391510666;0.00200919858726;0.00361200379605;8.52641199067e-06;0;0;0.00198559121184;0.00562129359589;0.0;0.0;1;0.950007280546;0;1
1170.9873;1.9335;3.2225e-05;0.00562129359589;0.00103918054122;0.00200925557645;0.00361203801944;8.52596095309e-06;0;0;0.00198564738875;0.00562138444724;0.0;0.0;1;0.950019104396;0;1
1172.9207;1.9334;3.22233333333e-05;0.00562138444724;0.00103920989947;0.00200920841964;0.0036121760276;8.52507029407e-06;0;0;0.00198560064453;0.00562147493517;0.0;0.0;1;0.949981744624;0;2
1174.8541;1.9334;3.22233333333e-05;0.00562147493517;0.00103923914064;0.00200926495451;0.00361220998066;8.52462188072e-06;0;0;0.0019856563748;0.00562156506691;8.67361737988e-19;0.0;1;0.949993470954;0;1
1176.7875;1.9334;3.22233333333e-05;0.00562156506691;0.00103926826705;0.00200932126752;0.00361224379939;8.52417474696e-06;0;0;0.00198571188695;0.00562165484493;8.67361737988e-19;0.0;1;0.950005149672;0;1
1178.7209;1.9334;3.22233333333e-05;0.00562165484493;0.00103929727951;0.0020093773602;0.00361227748473;8.5237288867e-06;0;0;0.00198576718248;0.00562174427165;-8.67361737988e-19;0.0;1;0.950016781126;0;1
1180.6542;1.9333;3.22216666667e-05;0.00562174427165;0.00103932617878;0.00200932930144;0.00361241497021;8.52284347254e-06;0;0;0.00198571955146;0.00562183334487;0.0;0.0;1;0.949979227955;0;2
1182.5875;1.9333;3.22216666667e-05;0.00562183334487;0.00103935496416;0.00200938495221;0.00361244839266;8.52240018699e-06;0;0;0.00198577441249;0.00562192207163;0.0;0.0;1;0.949990764711;0;1
1184.5208;1.9333;3.22216666667e-05;0.00562192207163;0.00103938363791;0.00200944038718;0.00361248168445;8.52195815678e-06;0;0;0.00198582906133;0.0056220104543;0.0;0.0;1;0.950002255229;0;1
1186.4541;1.9333;3.22216666667e-05;0.0056220104543;0.0010394122008;0.00200949560781;0.00361251484649;8.52151737598e-06;0;0;0.00198588349942;0.0056220984952;0.0;0.0;1;0.950013699842;0;1
1188.3873;1.9332;3.222e-05;0.0056220984952;0.00103944065358;0.0020094466715;0.0036126518237;8.52063710843e-06;0;0;0.0019858350055;0.0056221861921;0.0;0.0;1;0.949975958801;0;2
1190.3205;1.9332;3.222e-05;0.0056221861921;0.00103946899551;0.00200950146212;0.00361268472998;8.52019885413e-06;0;0;0.00198588902074;0.00562227355187;0.0;0.0;1;0.949987311405;0;1
1192.2537;1.9332;3.222e-05;0.00562227355187;0.00103949722882;0.00200955604275;0.00361271750912;8.51976183154e-06;0;0;0.00198594282949;0.00562236057678;0.0;0.0;1;0.949998619083;0;1
1194.1869;1.9332;3.222e-05;0.00562236057678;0.00103952535423;0.0020096104148;0.00361275016198;8.51932603492e-06;0;0;0.00198599643312;0.00562244726907;0.0;0.0;1;0.950009882151;0;1
1196.1201;1.9332;3.222e-05;0.00562244726907;0.00103955337247;0.00200966457965;0.00361278268942;8.51889145853e-06;0;0;0.001986049833;0.00562253363097;0.0;0.0;1;0.950021100924;0;1
1198.0532;1.9331;3.22183333333e-05;0.00562253363097;0.00103958128424;0.00200961458057;0.00361291905039;8.5180174788e-06;0;0;0.00198600029393;0.00562261966018;0.0;0.0;1;0.94998313272;0;2
1199.9863;1.9331;3.22183333333e-05;0.00562261966018;0.00103960908882;0.0020096683296;0.00361295133058;8.51758537049e-06;0;0;0.00198605328486;0.0056227053634;0.0;0.0;1;0.94999426267;0;1
1201.9194;1.9331;2.28333333348e-07;0.0056227053634;0.00103963678835;0.00200972187556;0.00361298348784;8.51715446529e-06;0;0;0.00198610607607;0.00559080074279;0.0;0.0;1;0.95000534925;0;1
