# Hydrograph at the point with coordinates: 5.13138234237 24.5553790309
# A pixel size is [m2]:
# 1.0
# time[s];deltaTime[s];Rainfall[m];Water_level_[m];Sheet_Flow[m3/s];Sheet_V_runoff[m3];Sheet_V_rest[m3];Infiltration[m];Surface_retetion[m];State;V_inflow[m3];WlevelTotal[m];SurfaceBil[m3];V_to_rill.m3.;ratio;courant;courantrill;iter
20.0;20.0;0.0;0.0;0.0;0.0;0.0;0.0;0.0;0;0.0;0.0;0.0;0.0;1;1.95;1.95;0
20.0;20.0;0.0;0.0;0.0;0.0;0.0;0.0;0.0;0;0.0;0.0;0.0;0.0;1;0;0;1
40.0;20.0;0.0;0.0;0.0;0.0;0.0;0.0;0.0;0;0.0;0.0;0.0;0.0;1;0;0;1
60.0;20.0;0.0;0.0;0.0;0.0;0.0;0.0;0.0;0;0.0;0.0;0.0;0.0;1;0;0;1
80.0;20.0;0.0;0.0;0.0;0.0;0.0;0.0;0.0;0;0.0;0.0;0.0;0.0;1;0;0;1
100.0;20.0;0.0;0.0;0.0;0.0;0.0;0.0;0.0;0;0.0;0.0;0.0;0.0;1;0;0;1
120.0;20.0;0.0;0.0;0.0;0.0;0.0;0.0;0.0;0;0.0;0.0;0.0;0.0;1;0;0;1
140.0;20.0;0.0;0.0;0.0;0.0;0.0;0.0;0.0;0;0.0;0.0;0.0;0.0;1;0;0;1
160.0;20.0;0.0;0.0;0.0;0.0;0.0;0.0;0.0;0;0.0;0.0;0.0;0.0;1;0;0;1
180.0;20.0;0.000280000001192;0.0;0.0;0.0;0.0;0;0.000280000001192;0;0.0;0.0;0.0;0.0;1;0;0;1
200.0;20.0;0.000333333333333;0.0;0.0;0.0;0.0;0;0.000333333333333;0;0.0;0.0;0.0;0.0;1;0;0;1
220.0;20.0;0.000333333333333;0.0;0.0;0.0;0.0;0;0.000333333333333;0;0.0;0.0;0.0;0.0;1;0;0;1
240.0;20.0;0.000333333333333;0.0;0.0;0.0;0.0;0.000100639464951;5.33333321412e-05;0;0.0;0.000179360536241;0.0;0.0;1;0;0;1
260.0;20.0;0.000333333333333;0.000179360536241;2.19438650498e-06;4.38877300996e-05;0.000135472806142;9.88110004982e-05;0;0;4.3475608896e-05;0.000413470747873;0.0;0.0;1;0.904473844149;0;1
271.4998;11.4998;0.000191663333333;0.000413470747873;9.44808986119e-06;0.000108651143786;0.000304819604087;5.6343509225e-05;0;0;0.000107639459765;0.000547778887961;0.0;0.0;1;0.949996555684;0;2
281.0843;9.5845;0.000159741666667;0.000547778887961;1.54482956743e-05;0.00014806418989;0.00039971469807;4.66754725454e-05;0;0;0.000146704157216;0.000659485049407;0.0;0.0;1;0.950001569141;0;2
289.5886;8.5043;0.000141738333333;0.000659485049407;2.13682417602e-05;0.000181721938401;0.000477763111006;4.12152631351e-05;0;0;0.000180075500865;0.00075836168207;-1.08420217249e-19;0.0;1;0.950001044869;0;2
297.3634;7.7748;0.00012958;0.00075836168207;2.72786230192e-05;0.000212085838249;0.00054627584382;3.75279243126e-05;0;0;0.000210190347831;0.000848518267339;0.0;0.0;1;0.950000759532;0;2
304.5984;7.235;0.000120583333333;0.000848518267339;3.31969590277e-05;0.000240179998565;0.000608338268774;3.48012283974e-05;0;0;0.00023806224061;0.00093218261432;0.0;0.0;1;0.949997640883;0;2
311.411;6.8126;0.000113543333333;0.00093218261432;3.91278764119e-05;0.000266562570844;0.000665620043476;3.26695767436e-05;0;0;0.000264243383444;0.00101073718351;0.0;0.0;1;0.950001701637;0;2
317.8801;6.4691;0.000107818333333;0.00101073718351;4.50719327656e-05;0.000291574840254;0.000719162343256;3.09380364335e-05;0;0;0.000289071286607;0.00108511392676;0.0;0.0;1;0.949994438143;0;2
324.0622;6.1821;0.000103035;0.00108511392676;5.10281030103e-05;0.00031546083562;0.000769653091143;2.94929896317e-05;0;0;0.000312787220028;0.00115598232154;0.0;0.0;1;0.950006182293;0;2
329.9992;5.937;9.895e-05;0.00115598232154;5.6995060486e-05;0.000338379674106;0.000817602647434;2.82604415564e-05;0;0;0.000335548392969;0.00122384059885;0.0;0.0;1;0.950002537187;0;2
335.7235;5.7243;9.5405e-05;0.00122384059885;6.29711440464e-05;0.000360465719865;0.000863374878981;2.71921320723e-05;0;0;0.000357487562374;0.00128907530928;2.16840434497e-19;0.0;1;0.950005197124;0;2
341.2606;5.5371;9.2285e-05;0.00128907530928;6.89548767827e-05;0.000381810048234;0.00090726526105;2.62530771831e-05;0;0;0.000378694633233;0.0013519918171;0.0;0.0;1;0.949992042245;0;2
346.6313;5.3707;8.95116666667e-05;0.0013519918171;7.49447471037e-05;0.00040250575327;0.000949486063829;2.54193420867e-05;0;0;0.000399261573195;0.0014128399616;0.0;0.0;1;0.949998531083;0;2
351.8526;5.2213;8.70216666667e-05;0.0014128399616;8.09395990518e-05;0.000422609928529;0.000990230033075;2.46716765172e-05;0;0;0.000419244695218;0.00147182471844;0.0;0.0;1;0.950003238466;0;2
356.9387;5.0861;8.47683333333e-05;0.00147182471844;8.69382685592e-05;0.000442176727719;0.00102964799072;2.39958634515e-05;0;0;0.000438697434508;0.00152911789511;0.0;0.0;1;0.950006910832;0;2
361.9016;4.9629;8.2715e-05;0.00152911789511;9.29397189056e-05;0.000461250530956;0.00106786736416;2.33807395094e-05;0;0;0.000457663564244;0.00158486518889;0.0;0.0;1;0.950007321525;0;2
366.7515;4.8499;8.08316666667e-05;0.00158486518889;9.89430114418e-05;0.000479863711191;0.0011050014777;2.28171932394e-05;0;0;0.000476174972035;0.00163919092316;0.0;0.0;1;0.949991984223;0;2
371.4974;4.7459;7.90983333333e-05;0.00163919092316;0.0001049472288;0.000498069053163;0.00114112187;2.2299061338e-05;0;0;0.000494283824863;0.00169220496686;0.0;0.0;1;0.949999682414;0;2
376.147;4.6496;7.74933333333e-05;0.00169220496686;0.000110951792337;0.00051588145365;0.00117632351321;2.18198070874e-05;0;0;0.000512004717028;0.00174400175648;0.0;0.0;1;0.95000051647;0;2
380.7071;4.5601;7.60016666667e-05;0.00174400175648;0.000116956012151;0.000533331111011;0.00121067064547;2.13748501892e-05;0;0;0.000529367444049;0.001794664906;2.16840434497e-19;0.0;1;0.950003186852;0;2
385.1837;4.4766;7.461e-05;0.001794664906;0.000122959325144;0.000550439714941;0.00124422519106;2.09601397184e-05;0;0;0.000546393374589;0.00184426842593;-2.16840434497e-19;0.0;1;0.950005380793;0;2
389.5821;4.3984;7.33066666667e-05;0.00184426842593;0.000128961216421;0.000567223014305;0.00127704541162;2.05721427947e-05;0;0;0.000563097994722;0.00189287793022;2.16840434497e-19;0.0;1;0.949999325046;0;2
393.9071;4.325;7.20833333333e-05;0.00189287793022;0.000134961177333;0.000583707091965;0.00130917083825;2.02083019192e-05;0;0;0.000579507062282;0.00194055293195;-2.16840434497e-19;0.0;1;0.949998571634;0;2
398.163;4.2559;7.09316666667e-05;0.00194055293195;0.000140958835312;0.000599906707204;0.00134064622474;1.98660917397e-05;0;0;0.000595635107653;0.00198734690732;0.0;0.0;1;0.949999712115;0;2
402.3537;4.1907;6.9845e-05;0.00198734690732;0.000146953839998;0.000615839457279;0.00137150745004;1.95434810421e-05;0;0;0.000611499489725;0.00203330845873;0.0;0.0;1;0.950006567824;0;2
406.4827;4.129;6.88166666667e-05;0.00203330845873;0.000152945904478;0.00063151363959;0.00140179481914;1.92384614758e-05;0;0;0.000627108343436;0.00207848136776;0.0;0.0;1;0.950010523719;0;2
410.5531;4.0704;6.784e-05;0.00207848136776;0.000158934721857;0.000646927891847;0.00143155347592;1.89490449452e-05;0;0;0.000642460217909;0.00212290464888;0.0;0.0;1;0.949991551086;0;2
414.5679;4.0148;6.69133333333e-05;0.00212290464888;0.000164919889237;0.000662120371308;0.00146078427757;1.86746556621e-05;0;0;0.000657592915069;0.00216661587031;0.0;0.0;1;0.949990088251;0;2
418.5298;3.9619;6.60316666667e-05;0.00216661587031;0.000170901288729;0.000677093815814;0.0014895220545;1.84137997043e-05;0;0;0.000672509073739;0.0022096489952;0.0;0.0;1;0.949993608914;0;2
422.4413;3.9115;6.51916666667e-05;0.0022096489952;0.000176878747595;0.000691861221217;0.00151778777398;1.81654602643e-05;0;0;0.000687221525846;0.00225203550623;0.0;0.0;1;0.95000617452;0;2
426.3046;3.8633;6.43883333333e-05;0.00225203550623;0.000182852141069;0.000706412676591;0.00154562282964;1.79281668704e-05;0;0;0.000701720355656;0.00229380335176;-4.33680868994e-19;0.0;1;0.950001605983;0;2
430.1218;3.8172;6.362e-05;0.00229380335176;0.000188821198557;0.00072076827913;0.00157303507263;1.77013865451e-05;0;0;0.000716025457554;0.00233497914364;0.0;0.0;1;0.94999675829;0;2
433.8949;3.7731;6.2885e-05;0.00233497914364;0.000194785774431;0.000734946205505;0.00160003293813;1.74845928336e-05;0;0;0.000730154826651;0.00237558817195;0.0;0.0;1;0.950005083322;0;2
437.6257;3.7308;6.218e-05;0.00237558817195;0.000200745824231;0.000748942521042;0.00162664565091;1.72768024288e-05;0;0;0.000744104497271;0.00241565334575;0.0;0.0;1;0.950011392171;0;2
441.3158;3.6901;6.15016666667e-05;0.00241565334575;0.000206701221932;0.000762748179052;0.0016529051667;1.70770389002e-05;0;0;0.000757865425339;0.0024551952198;0.0;0.0;1;0.949996124958;0;2
444.9668;3.651;6.085e-05;0.0024551952198;0.000212651731413;0.000776391471389;0.00167880374841;1.68852564674e-05;0;0;0.000771465667919;0.00249423415987;0.0;0.0;1;0.949987649546;0;2
448.5802;3.6134;6.02233333333e-05;0.00249423415987;0.000218597307599;0.000789879511279;0.00170435464859;1.67009503671e-05;0;0;0.000784912246683;0.00253278927824;0.0;0.0;1;0.949986866149;0;2
452.1574;3.5772;5.962e-05;0.00253278927824;0.000224537921677;0.000803217053425;0.00172957222481;1.65236198851e-05;0;0;0.000798209843175;0.0025708784481;-4.33680868994e-19;0.0;1;0.949992247619;0;2
455.6997;3.5423;5.90383333333e-05;0.0025708784481;0.000230473544801;0.000816406437747;0.00175447201035;1.63527680257e-05;0;0;0.000811360741967;0.00260851831763;0.0;0.0;1;0.94999997548;0;2
459.2083;3.5086;5.84766666667e-05;0.00260851831763;0.000236404132846;0.000829447540502;0.00177907077713;1.61879012142e-05;0;0;0.000824364781171;0.00264572432375;-4.33680868994e-19;0.0;1;0.950004064184;0;2
462.6843;3.476;5.79333333333e-05;0.00264572432375;0.000242329612126;0.000842337731751;0.001803386592;1.60285290307e-05;0;0;0.000837219309296;0.0026825107056;0.0;0.0;1;0.949996474823;0;2
466.1288;3.4445;5.74083333333e-05;0.0026825107056;0.000248249865981;0.000855096663372;0.00182741404223;1.58746245888e-05;0;0;0.000849943823059;0.00271889157403;4.33680868994e-19;0.0;1;0.949994799438;0;2
469.5428;3.414;5.69e-05;0.00271889157403;0.000254164894789;0.00086771895081;0.00185117262322;1.57257021204e-05;0;0;0.000862532938511;0.00275487985961;0.0;0.0;1;0.949988179055;0;2
472.9273;3.3845;5.64083333333e-05;0.00275487985961;0.000260074636921;0.000880222608661;0.00187465725095;1.55817385646e-05;0;0;0.000875004531866;0.00279048837758;0.0;0.0;1;0.949992023345;0;2
476.2832;3.3559;5.59316666667e-05;0.00279048837758;0.000265979132619;0.000892599371155;0.00189788900643;1.54422521746e-05;0;0;0.000887350358828;0.00282572877975;0.0;0.0;1;0.94999291131;0;2
479.6114;3.3282;5.547e-05;0.00282572877975;0.000271878343105;0.000904865501522;0.00192086327823;1.5307223165e-05;0;0;0.000899586559895;0.00286061261496;4.33680868994e-19;0.0;1;0.950004294385;0;2
482.9127;3.3013;5.50216666667e-05;0.00286061261496;0.000277772318072;0.000917009753651;0.00194360286131;1.51761732868e-05;0;0;0.000911701930049;0.00289515028474;0.0;0.0;1;0.95001041103;0;2
486.1878;3.2751;5.4585e-05;0.00289515028474;0.000283661012923;0.000929018183423;0.00196613210131;1.50486263039e-05;0;0;0.00092368257994;0.00292935105495;-4.33680868994e-19;0.0;1;0.949993939825;0;2
489.4375;3.2497;5.41616666667e-05;0.00292935105495;0.00028954427918;0.000940932044051;0.0019884190109;1.49250259869e-05;0;0;0.000935569500676;0.00296322515225;4.33680868994e-19;0.0;1;0.949994531471;0;2
492.6625;3.225;5.375e-05;0.00296322515225;0.000295422218768;0.000952736655526;0.00201048849673;1.48048981083e-05;0;0;0.000947348076314;0.00299678167493;0.0;0.0;1;0.949993723458;0;2
495.8635;3.201;5.335e-05;0.00299678167493;0.000301294821668;0.00096444472416;0.00203233695077;1.4688228836e-05;0;0;0.000959030920906;0.00303002964284;4.33680868994e-19;0.0;1;0.950001299279;0;2
499.0411;3.1776;5.296e-05;0.00303002964284;0.000307162141408;0.000976038420539;0.0020539912223;1.45745465189e-05;0;0;0.000970600286214;0.003062976962;4.33680868994e-19;0.0;1;0.949996859795;0;2
502.1959;3.1548;5.258e-05;0.003062976962;0.000313024107481;0.000987528454282;0.00207544850772;1.44638393473e-05;0;0;0.000982066802066;0.00309563147044;4.33680868994e-19;0.0;1;0.949988768548;0;2
505.3285;3.1326;5.221e-05;0.00309563147044;0.000318880703789;0.000998925692688;0.00209670577775;1.43560960455e-05;0;0;0.000993441257921;0.00312800093962;0.0;0.0;1;0.949985154285;0;2
508.4395;3.111;5.185e-05;0.00312800093962;0.000324731966728;0.00101024114849;0.00211775979113;1.425130584e-05;0;0;0.00100473459059;0.00316009307588;4.33680868994e-19;0.0;1;0.949993921451;0;2
511.5294;3.0899;5.14983333333e-05;0.00316009307588;0.000330577983371;0.00102145291082;0.00213864016506;1.4149000701e-05;0;0;0.00101592499406;0.00319191449176;-4.33680868994e-19;0.0;1;0.949992015053;0;2
514.5987;3.0693;5.1155e-05;0.00319191449176;0.000336418699966;0.00103256991581;0.00215934457595;1.40491714794e-05;0;0;0.00102702133978;0.00322347174425;0.0;0.0;1;0.949986097141;0;2
517.648;3.0493;5.08216666667e-05;0.00322347174425;0.000342254105714;0.00104363544456;0.0021798362997;1.39522667952e-05;0;0;0.00103806666308;0.00325477236265;-4.33680868994e-19;0.0;1;0.95001381111;0;2
520.6776;3.0296;5.04933333333e-05;0.00325477236265;0.000348084423275;0.00105455656875;0.0022002157939;1.38569059356e-05;0;0;0.00104896852009;0.00328582074138;-4.33680868994e-19;0.0;1;0.949988213458;0;2
523.6881;3.0105;5.0175e-05;0.00328582074138;0.000353909340775;0.0010654440704;0.00222037667098;1.37644533415e-05;0;0;0.00105983708845;0.00331662430609;4.33680868994e-19;0.0;1;0.950008528932;0;2
526.6798;2.9917;4.98616666667e-05;0.00331662430609;0.000359729158885;0.00107620172464;0.00224042258145;1.36735299662e-05;0;0;0.00107057664147;0.00334718735962;-4.33680868994e-19;0.0;1;0.949986305408;0;2
529.6532;2.9734;4.95566666667e-05;0.00334718735962;0.000365543634985;0.00108690744426;0.00226027991535;1.35850431287e-05;0;0;0.00108126466914;0.00337751620803;-4.33680868994e-19;0.0;1;0.949989742155;0;2
532.6087;2.9555;4.92583333333e-05;0.00337751620803;0.000371352946958;0.00109753363473;0.0022799825733;1.34985291087e-05;0;0;0.00109187371228;0.0034076160898;0.0;0.0;1;0.949992439872;0;2
535.5467;2.938;4.89666666667e-05;0.0034076160898;0.000377157111144;0.00110808759254;0.00229952849726;1.34139816528e-05;0;0;0.00110241101943;0.0034374922017;4.33680868994e-19;0.0;1;0.949999240525;0;2
538.4676;2.9209;4.86816666667e-05;0.0034374922017;0.00038295617437;0.00111857668972;0.00231891551199;1.33313947462e-05;0;0;0.00111288391575;0.00346714969965;-4.33680868994e-19;0.0;1;0.950014873458;0;2
541.3717;2.9041;4.84016666667e-05;0.00346714969965;0.000388750213038;0.00112896949368;0.00233818020597;1.32503064903e-05;0;0;0.00112326111945;0.00349659268559;-4.33680868994e-19;0.0;1;0.950011246851;0;2
544.2593;2.8876;4.81266666667e-05;0.00349659268559;0.000394539132259;0.00113927119831;0.00235732148728;1.31707119021e-05;0;0;0.00113354778624;0.00352582522829;-4.33680868994e-19;0.0;1;0.949992133413;0;2
547.1308;2.8715;4.78583333333e-05;0.00352582522829;0.0004003228612;0.00114952709594;0.00237629813235;1.30930619996e-05;0;0;0.0011437889713;0.00355485237499;0.0;0.0;1;0.949994306006;0;2
549.9865;2.8557;4.7595e-05;0.00355485237499;0.000406101554288;0.00115970420858;0.00239514816641;1.30168959055e-05;0;0;0.00115395185516;0.00358367812567;0.0;0.0;1;0.949988837261;0;2
552.8268;2.8403;4.73383333333e-05;0.00358367812567;0.00041187518956;0.00116984910091;0.00241382902476;1.29426647069e-05;0;0;0.00116408276385;0.00361230745724;0.0;0.0;1;0.950012695995;0;2
555.6519;2.8251;4.7085e-05;0.00361230745724;0.000417643970802;0.00117988598191;0.00243242147533;1.28694527555e-05;0;0;0.00117410627445;0.00364074329702;0.0;0.0;1;0.95000279154;0;2
558.4621;2.8102;4.68366666667e-05;0.00364074329702;0.000423407717548;0.00118986036785;0.00245088292917;1.27977117267e-05;0;0;0.00118406766932;0.00366898955343;0.0;0.0;1;0.949995582927;0;2
561.2577;2.7956;4.65933333333e-05;0.00366898955343;0.000429166472045;0.00119977778925;0.00246921176418;1.27274376166e-05;0;0;0.00119397244564;0.00369705010554;0.0;0.0;1;0.949994374688;0;2
564.039;2.7813;4.6355e-05;0.00369705010554;0.000434920296804;0.0012096438215;0.00248740628404;1.26586265571e-05;0;0;0.00120382614626;0.00372492880374;-4.33680868994e-19;0.0;1;0.950002403869;0;2
566.8062;2.7672;4.612e-05;0.00372492880374;0.000440669274066;0.00121942001519;0.00250550878855;1.25908199387e-05;0;0;0.00121359050056;0.00375262846917;4.33680868994e-19;0.0;1;0.949988511956;0;2
569.5596;2.7534;4.589e-05;0.00375262846917;0.000446413297107;0.00122915437225;0.00252347409692;1.25244694025e-05;0;0;0.00122331327309;0.00378015290061;4.33680868994e-19;0.0;1;0.949989622629;0;2
572.2995;2.7399;4.5665e-05;0.00378015290061;0.000452152483523;0.00123885258961;0.002541300311;1.24595714423e-05;0;0;0.00123300013024;0.0038075058698;0.0;0.0;1;0.950008791931;0;2
575.0261;2.7266;4.54433333333e-05;0.0038075058698;0.000457886969208;0.00124847461024;0.00255903125956;1.23956681707e-05;0;0;0.00124261120018;0.0038346901249;0.0;0.0;1;0.950014174125;0;2
577.7396;2.7135;4.5225e-05;0.0038346901249;0.000463616697166;0.00125802390776;0.00257666621714;1.23327567938e-05;0;0;0.00125214993305;0.00386170839341;4.33680868994e-19;0.0;1;0.950008037488;0;2
580.4402;2.7006;4.501e-05;0.00386170839341;0.000469341624471;0.00126750399105;0.00259420440236;1.22708346044e-05;0;0;0.00126161981476;0.00388856338252;-4.33680868994e-19;0.0;1;0.949992607823;0;2
583.1282;2.688;4.48e-05;0.00388856338252;0.000475061721923;0.00127696590853;0.00261159747399;1.22103531142e-05;0;0;0.00127107165197;0.00391525877284;-8.67361737988e-19;0.0;1;0.950005412171;0;2
585.8038;2.6756;4.45933333333e-05;0.00391525877284;0.000480777186922;0.00128636744133;0.00262889133151;1.21508552939e-05;0;0;0.00128046341892;0.00394179722847;8.67361737988e-19;0.0;1;0.950013744062;0;2
588.4671;2.6633;4.43883333333e-05;0.00394179722847;0.000486488019171;0.00129566354146;0.00264613368701;1.2091884785e-05;0;0;0.00128975026823;0.00396818040379;8.67361737988e-19;0.0;1;0.949984032327;0;2
591.1184;2.6513;4.41883333333e-05;0.00396818040379;0.000492194016299;0.00130495399541;0.00266322640837;1.20343472387e-05;0;0;0.00129903152401;0.00399441191848;-8.67361737988e-19;0.0;1;0.949989354105;0;2
593.7579;2.6395;4.39916666667e-05;0.00399441191848;0.000497895416395;0.00131419495157;0.0026802169669;1.1977786208e-05;0;0;0.00130826353338;0.00402049438074;0.0;0.0;1;0.949996390263;0;2
596.3858;2.6279;4.37983333333e-05;0.00402049438074;0.000503592256494;0.00132339009084;0.0026971042899;1.19221994497e-05;0;0;0.0013174499571;0.00404643038088;0.0;0.0;1;0.950007129579;0;2
599.0022;2.6164;4.36066666667e-05;0.00404643038088;0.000509284585506;0.00133249218952;0.00271393819137;1.1867131329e-05;0;0;0.0013265437791;0.00407222150581;0.0;0.0;1;0.949987217468;0;2
601.6074;2.6052;4.342e-05;0.00407222150581;0.000514972246016;0.00134160569532;0.00273061581048;1.18134868617e-05;0;0;0.00133564897567;0.00409787129929;8.67361737988e-19;0.0;1;0.950010879472;0;2
604.2015;2.5941;4.3235e-05;0.00409787129929;0.000520655526279;0.00135063250072;0.00274723879857;1.1760357073e-05;0;0;0.00134466787499;0.00412338131649;0.0;0.0;1;0.950007389729;0;2
606.7847;2.5832;4.30533333333e-05;0.00412338131649;0.000526334289821;0.00135962673746;0.00276375457902;1.17081935261e-05;0;0;0.00135365436415;0.00414875408298;0.0;0.0;1;0.950014763075;0;2
609.3571;2.5724;4.28733333333e-05;0.00414875408298;0.00053200862821;0.00136853899521;0.00278021508777;1.16565412391e-05;0;0;0.00136255924699;0.00417399112685;0.0;0.0;1;0.949997901415;0;2
611.9189;2.5618;4.26966666667e-05;0.00417399112685;0.000537678422738;0.00137742458337;0.00279656654348;1.16058516611e-05;0;0;0.00137143758631;0.0041990949448;8.67361737988e-19;0.0;1;0.949995080002;0;2
614.4703;2.5514;4.25233333333e-05;0.0041990949448;0.000543343783842;0.00138628733009;0.00281280761471;1.15561229435e-05;0;0;0.00138029319265;0.00422406801774;0.0;0.0;1;0.950008077944;0;2
617.0114;2.5411;4.23516666667e-05;0.00422406801774;0.000549004832196;0.00139507617909;0.00282899183865;1.15069005578e-05;0;0;0.00138907522858;0.00424891183334;0.0;0.0;1;0.950001260272;0;2
619.5424;2.531;4.21833333333e-05;0.00424891183334;0.000554661475379;0.00140384819418;0.00284506363916;1.14586357827e-05;0;0;0.00139784050847;0.00427362884518;0.0;0.0;1;0.9500132867;0;2
622.0634;2.521;4.20166666667e-05;0.00427362884518;0.000560313851743;0.00141255122024;0.00286107762493;1.14108743747e-05;0;0;0.00140653709906;0.00429822051628;8.67361737988e-19;0.0;1;0.950008174756;0;2
624.5745;2.5111;4.18516666667e-05;0.00429822051628;0.00056596188474;0.00142118688877;0.00287703362751;1.13636150567e-05;0;0;0.00141516662022;0.00432268829934;0.0;0.0;1;0.94998700894;0;2
627.0759;2.5014;4.169e-05;0.00432268829934;0.000571605504442;0.00142981400881;0.00289287429053;1.13173089274e-05;0;0;0.00142378762863;0.00434703461023;0.0;0.0;1;0.949988835596;0;2
629.5678;2.4919;4.15316666667e-05;0.00434703461023;0.000577244873351;0.0014384364999;0.00290859811033;1.12719543969e-05;0;0;0.00143240402792;0.00437126185052;8.67361737988e-19;0.0;1;0.950015289472;0;2
632.0502;2.4824;4.13733333333e-05;0.00437126185052;0.000582880163087;0.00144694171685;0.00292432013367;1.12266456049e-05;0;0;0.00144090364368;0.00439537046508;0.0;0.0;1;0.949991442365;0;2
634.5233;2.4731;4.12183333333e-05;0.00439537046508;0.00058851109954;0.00145544680027;0.00293992366481;1.11822859081e-05;0;0;0.00144940312142;0.00441936283365;0.0;0.0;1;0.949994555192;0;2
636.9872;2.4639;4.1065e-05;0.00441936283365;0.000594137867876;0.00146389629266;0.00295546654099;1.11384218511e-05;0;0;0.0014578472336;0.00444324035274;0.0;0.0;1;0.94998764449;0;2
639.4421;2.4549;4.0915e-05;0.00444324035274;0.000599760433141;0.00147235188732;0.00297088846542;1.1095504233e-05;0;0;0.00146629741581;0.004467005377;0.0;0.0;1;0.950010389848;0;2
641.888;2.4459;4.0765e-05;0.004467005377;0.000605378995354;0.00148069648474;0.00298630889227;1.10526280511e-05;0;0;0.00147463704805;0.00449065831227;-8.67361737988e-19;0.0;1;0.949986643426;0;2
644.3251;2.4371;4.06183333333e-05;0.00449065831227;0.000610993302535;0.00148905177761;0.00300160653466;1.10106960442e-05;0;0;0.00148298731744;0.00451420148939;0.0;0.0;1;0.94999475272;0;2
646.7535;2.4284;4.04733333333e-05;0.00451420148939;0.000616603566393;0.00149736010063;0.00301684138877;1.09692552371e-05;0;0;0.00149129079045;0.00453763625731;0.0;0.0;1;0.949997095652;0;2
649.1733;2.4198;4.033e-05;0.00453763625731;0.000622209774435;0.00150562321218;0.00303201304513;1.09283046519e-05;0;0;0.00149954920927;0.00456096394975;0.0;0.0;1;0.949994593944;0;2
651.5846;2.4113;4.01883333333e-05;0.00456096394975;0.000627811917902;0.00151384287764;0.00304712107211;1.08878433341e-05;0;0;0.0015077643193;0.00458418588141;8.67361737988e-19;0.0;1;0.949988156556;0;2
653.9876;2.403;4.005e-05;0.00458418588141;0.000633409990673;0.00152208420759;0.00306210167382;1.08483217158e-05;0;0;0.00151600095207;0.00460730430417;-8.67361737988e-19;0.0;1;0.950018214636;0;2
656.3823;2.3947;3.99116666667e-05;0.00460730430417;0.000639004220917;0.00153022340783;0.00307708089634;1.08088359906e-05;0;0;0.00152413578291;0.00463031950993;-8.67361737988e-19;0.0;1;0.950006855662;0;2
658.7688;2.3865;3.9775e-05;0.00463031950993;0.00064459437024;0.00153832446458;0.00309199504535;1.07698368034e-05;0;0;0.00153223249964;0.00465323270819;0.0;0.0;1;0.94999421175;0;2
661.1472;2.3784;3.964e-05;0.00465323270819;0.00065018042756;0.00154638912891;0.00310684357928;1.07313232849e-05;0;0;0.00154029278796;0.00467604504395;0.0;0.0;1;0.94998114356;0;2
663.5177;2.3705;3.95083333333e-05;0.00467604504395;0.00065576237243;0.00155448470384;0.00312156034011;1.06937456224e-05;0;0;0.00154838360321;0.00469875853103;-8.67361737988e-19;0.0;1;0.950008576608;0;2
665.8803;2.3626;3.93766666667e-05;0.00469875853103;0.00066134040429;0.00156248283917;0.00313627569185;1.06562007527e-05;0;0;0.00155637698391;0.00472137314168;8.67361737988e-19;0.0;1;0.949997462889;0;2
668.2351;2.3548;3.92466666667e-05;0.00472137314168;0.000666914227639;0.00157044962324;0.00315092351843;1.06191390636e-05;0;0;0.00156433859474;0.00474388964078;0.0;0.0;1;0.949988437029;0;2
670.5822;2.3471;3.91183333333e-05;0.00474388964078;0.000672483745219;0.0015783865984;0.00316550304238;1.05825597617e-05;0;0;0.00157226975227;0.00476630856822;8.67361737988e-19;0.0;1;0.949982315411;0;2
672.9217;2.3395;3.89916666667e-05;0.00476630856822;0.000678048808421;0.0015862951873;0.00318001338092;1.05464620713e-05;0;0;0.00158017158081;0.00478863016632;0.0;0.0;1;0.949979903923;0;2
675.2537;2.332;3.88666666667e-05;0.00478863016632;0.00068360919815;0.00159417665009;0.00319445351623;1.05108452339e-05;0;0;0.00158804495256;0.00481085429023;0.0;0.0;1;0.949981998173;0;2
677.5783;2.3246;3.87433333333e-05;0.00481085429023;0.000689164601053;0.00160203203161;0.00320882225862;1.04757085072e-05;0;0;0.00159589041632;0.00483298029977;0.0;0.0;1;0.949989383717;0;2
679.8956;2.3173;3.86216666667e-05;0.00483298029977;0.000694714580656;0.00160986209775;0.00322311820201;1.04410511653e-05;0;0;0.00160370811444;0.00485500693196;8.67361737988e-19;0.0;1;0.95000283626;0;2
682.2056;2.31;3.85e-05;0.00485500693196;0.000700258543092;0.00161759723454;0.00323740969742;1.04064220785e-05;0;0;0.00161142792991;0.00487693120525;0.0;0.0;1;0.949981997107;0;2
684.5085;2.3029;3.83816666667e-05;0.00487693120525;0.000705795457272;0.00162537635855;0.0032515548467;1.03727215385e-05;0;0;0.00161918731424;0.00489875110607;8.67361737988e-19;0.0;1;0.950009616867;0;2
686.8043;2.2958;3.82633333333e-05;0.00489875110607;0.000711324529563;0.00163305885497;0.0032656922511;1.03390480227e-05;0;0;0.00162684507475;0.00492046161116;0.0;0.0;1;0.950004195537;0;2
689.0931;2.2888;3.81466666667e-05;0.00492046161116;0.000716844195032;0.00164071299359;0.00327974861757;1.03058513555e-05;0;0;0.00163446791596;0.00494205734884;0.0;0.0;1;0.950007471834;0;2
691.375;2.2819;3.80316666667e-05;0.00494205734884;0.000722352784906;0.00164833681988;0.00329372052897;1.02731308806e-05;0;0;0.00164205239275;0.0049635314575;0.0;0.0;1;0.950020178956;0;2
693.65;2.275;3.79166666667e-05;0.0049635314575;0.000727848232771;0.00165585472955;0.00330767672794;1.02404358982e-05;0;0;0.00164952150292;0.00498487446163;0.0;0.0;1;0.950001283029;0;2
695.9182;2.2682;3.78033333333e-05;0.00498487446163;0.000733327779695;0.0016633340699;0.00332154039173;1.02082160483e-05;0;0;0.00165694047905;0.00500607598806;0.0;0.0;1;0.949992884128;0;2
698.1797;2.2615;3.76916666667e-05;0.00500607598806;0.000738788406632;0.0016707699816;0.00333530600646;1.01764707107e-05;0;0;0.0016643024741;0.00502712367652;0.0;0.0;1;0.949995693295;0;2
700.4346;2.2549;3.75816666667e-05;0.00502712367652;0.000744226549437;0.00167815644633;0.00334896723019;1.01451992782e-05;0;0;0.00167159937606;0.00504800307364;0.0;0.0;1;0.950010413233;0;2
702.6829;2.2483;3.74716666667e-05;0.00504800307364;0.000749638064015;0.00168541125933;0.00336259181432;1.01139513758e-05;0;0;0.00167874712564;0.00506869665525;0.0;0.0;1;0.949995484527;0;2
704.9247;2.2418;3.73633333333e-05;0.00506869665525;0.000755017964263;0.00169259927229;0.00337609738297;1.00831764043e-05;0;0;0.00168580814858;0.00508918568847;0.0;0.0;1;0.949993480771;0;2
707.1601;2.2354;3.72566666667e-05;0.00508918568847;0.000760360897376;0.00169971074999;0.00338947493848;1.0052873789e-05;0;0;0.00169277063572;0.00510944936708;0.0;0.0;1;0.950005084091;0;2
709.3891;2.229;3.715e-05;0.00510944936708;0.000765660914079;0.00170665817748;0.0034027911896;1.00225933879e-05;0;0;0.00169954546028;0.00512946405649;0.0;0.0;1;0.949988349349;0;2
711.6118;2.2227;3.7045e-05;0.00512946405649;0.000770911263982;0.00171350446645;0.00341595959004;9.99278442577e-06;0;0;0.00170619353146;0.00514920533707;-8.67361737988e-19;0.0;1;0.949986201004;0;2
713.8283;2.2165;3.69416666667e-05;0.00514920533707;0.000776104925224;0.00172023656676;0.00342896877032;9.96344635759e-06;0;0;0.00171270038512;0.00516864737575;0.0;0.0;1;0.949999301587;0;2
716.0386;2.2103;3.68383333333e-05;0.00516864737575;0.000781234438022;0.00172676247836;0.00344188489739;9.9341292674e-06;0;0;0.00171897331908;0.00518776242054;8.67361737988e-19;0.0;1;0.949985326228;0;2
718.2428;2.2042;3.67366666667e-05;0.00518776242054;0.000786291768387;0.00173314431588;0.00345461810466;9.90528220663e-06;0;0;0.00172507349917;0.00520652298828;0.0;0.0;1;0.949987545762;0;2
720.441;2.1982;3.66366666667e-05;0.00520652298828;0.000791268885626;0.00173936726438;0.0034671557239;9.8769046583e-06;0;0;0.00173098594208;0.00522490142799;8.67361737988e-19;0.0;1;0.950006603759;0;2
722.6332;2.1922;3.65366666667e-05;0.00522490142799;0.000796157650714;0.0017453368019;0.0034795646261;9.84854692498e-06;0;0;0.00173661684435;0.00524286959019;-8.67361737988e-19;0.0;1;0.949999800942;0;2
724.8195;2.1863;3.64383333333e-05;0.00524286959019;0.000800949731383;0.00175111639772;0.00349175319247;9.82065788829e-06;0;0;0.00174203015055;0.00526040101847;8.67361737988e-19;0.0;1;0.950010749496;0;2
726.9999;2.1804;3.634e-05;0.00526040101847;0.000805637191415;0.00175661133216;0.0035037896863;9.7927879917e-06;0;0;0.00174713289306;0.00527746979137;8.67361737988e-19;0.0;1;0.949996503783;0;2
729.1745;2.1746;3.62433333333e-05;0.00527746979137;0.000810212189964;0.00176188742829;0.00351558236308;9.76538600432e-06;0;0;0.00175199230094;0.00529405261135;0.0;0.0;1;0.950000900918;0;2
731.3433;2.1688;3.61466666667e-05;0.00529405261135;0.00081466754972;0.00176685098183;0.00352720162952;9.73800250772e-06;0;0;0.00175651735143;0.00531012764511;8.67361737988e-19;0.0;1;0.949980749442;0;2
733.5064;2.1631;3.60516666667e-05;0.00531012764511;0.000818996456999;0.00177157123613;0.00353855640898;9.71108616003e-06;0;0;0.00176077944352;0.005325676433;0.0;0.0;1;0.949980106952;0;2
735.6639;2.1575;3.59583333333e-05;0.005325676433;0.000823192986353;0.00177603886806;0.00354963756495;9.68463650008e-06;0;0;0.00176477211514;0.00534068337692;0.0;0.0;1;0.949999567229;0;2
737.8158;2.1519;3.5865e-05;0.00534068337692;0.000827251975796;0.00178016352672;0.0035605198502;9.65820431306e-06;0;0;0.0017684086367;0.00535513528259;0.0;0.0;1;0.949995565093;0;2
739.9622;2.1464;3.57733333333e-05;0.00535513528259;0.000831168914164;0.00178402095736;0.00357111432522;9.63223809473e-06;0;0;0.00177176749104;0.0053690229115;-8.67361737988e-19;0.0;1;0.950012473343;0;2
742.1031;2.1409;3.56816666667e-05;0.0053690229115;0.000834940372483;0.00178752384345;0.00358149906805;9.60628876177e-06;0;0;0.0017747652266;0.00538233967256;0.0;0.0;1;0.950006470981;0;2
744.2386;2.1355;3.55916666667e-05;0.00538233967256;0.000838563660355;0.00179075269669;0.00359158697587;9.58080470244e-06;0;0;0.00177748508446;0.00539508292229;-8.67361737988e-19;0.0;1;0.950022126005;0;2
746.3687;2.1301;3.55016666667e-05;0.00539508292229;0.000842037188955;0.00179362341619;0.0036014595061;9.55533696247e-06;0;0;0.00177984677272;0.00540725260852;0.0;0.0;1;0.950015348571;0;2
748.4934;2.1247;3.54116666667e-05;0.00540725260852;0.000845360110786;0.00179613662739;0.00361111598113;9.5298853531e-06;0;0;0.0017818540321;0.00541885179455;0.0;0.0;1;0.949986169505;0;2
750.6128;2.1194;3.53233333333e-05;0.00541885179455;0.000848532469298;0.00179837971543;0.00362047207912;9.50489810255e-06;0;0;0.00178359646594;0.00542988698029;0.0;0.0;1;0.949979409149;0;2
752.727;2.1142;3.52366666667e-05;0.00542988698029;0.000851555293312;0.00180035820112;0.00362952877917;9.48037480191e-06;0;0;0.0017850821699;0.00544036724094;0.0;0.0;1;0.949995466656;0;2
754.836;2.109;3.515e-05;0.00544036724094;0.000854430366583;0.00180199364312;0.00363837359781;9.45586674797e-06;0;0;0.0017862357579;0.00545030348897;0.0;0.0;1;0.949989640191;0;2
756.9399;2.1039;3.5065e-05;0.00545030348897;0.000857160028269;0.00180337898347;0.00364692450549;9.43182201468e-06;0;0;0.00178715152134;0.00545970920482;0.0;0.0;1;0.950006919717;0;2
759.0387;2.0988;3.498e-05;0.00545970920482;0.000859747375316;0.00180443779131;0.00365527141351;9.40779202099e-06;0;0;0.00178775555326;0.00546859917475;0.0;0.0;1;0.950002239377;0;2
761.1325;2.0938;3.48966666667e-05;0.00546859917475;0.000862195916612;0.0018052658102;0.00366333336455;9.38422473874e-06;0;0;0.00178814430835;0.00547699011483;0.0;0.0;1;0.950020641452;0;2
763.2213;2.0888;3.48133333333e-05;0.00547699011483;0.000864509744463;0.00180578795424;0.0036712021606;9.36067170688e-06;0;0;0.00178824468978;0.005484899512;0.0;0.0;1;0.950016644938;0;2
765.3051;2.0838;3.473e-05;0.005484899512;0.00086669321444;0.00180601532025;0.00367888419175;9.33713276861e-06;0;0;0.00178806875821;0.00549234581719;0.0;0.0;1;0.949989697138;0;2
767.384;2.0789;3.46483333333e-05;0.00549234581719;0.000868750996688;0.00180604644701;0.00368629937017;9.31405574374e-06;0;0;0.00178771487346;0.00549934852122;0.0;0.0;1;0.94998481146;0;2
769.4581;2.0741;3.45683333333e-05;0.00549934852122;0.000870688095028;0.0018058941779;0.00369345434333;9.29144026738e-06;0;0;0.00178719626241;0.0055059274988;0.0;0.0;1;0.950001587509;0;2
771.5274;2.0693;3.44883333333e-05;0.0055059274988;0.000872509663303;0.00180548424627;0.00370044325253;9.26883811237e-06;0;0;0.00178643975298;0.00551210250072;0.0;0.0;1;0.94999355458;0;2
773.592;2.0646;3.441e-05;0.00551210250072;0.00087422086183;0.00180491639133;0.00370718610939;9.2466969518e-06;0;0;0.00178554420687;0.00551789361931;0.0;0.0;1;0.950005573793;0;2
775.6519;2.0599;3.43316666667e-05;0.00551789361931;0.000875826983247;0.00180411600279;0.00371377761652;9.2245686725e-06;0;0;0.00178443579174;0.00552332050625;-8.67361737988e-19;0.0;1;0.949990621436;0;2
777.7072;2.0553;3.4255e-05;0.00552332050625;0.000877333232731;0.00180318299323;0.00372013751302;9.2029008504e-06;0;0;0.00178321319823;0.00552840281039;0.0;0.0;1;0.949993421024;0;2
779.758;2.0508;3.418e-05;0.00552840281039;0.000878744846355;0.0018021299309;0.00372627287949;9.18169314572e-06;0;0;0.00178188855894;0.00553315974529;0.0;0.0;1;0.95001271592;0;2
781.8043;2.0463;3.4105e-05;0.00553315974529;0.000880066968202;0.00180088103703;0.00373227870826;9.16049761389e-06;0;0;0.00178038656675;0.00553760977739;0.0;0.0;1;0.95000065455;0;2
783.8462;2.0419;3.40316666667e-05;0.00553760977739;0.000881304560772;0.00179953578264;0.00373807399475;9.13976168837e-06;0;0;0.00177880512736;0.00554177102709;0.0;0.0;1;0.950001778759;0;2
785.8838;2.0376;3.396e-05;0.00554177102709;0.000882462513715;0.00179810561795;0.00374366540915;9.11948504366e-06;0;0;0.00177715502371;0.00554566094781;0.0;0.0;1;0.950014373818;0;2
787.9171;2.0333;3.38883333333e-05;0.00554566094781;0.000883545552133;0.00179651317115;0.00374914777666;9.09921989961e-06;0;0;0.00177535921515;0.00554929610524;8.67361737988e-19;0.0;1;0.949989888894;0;2
789.9463;2.0292;3.382e-05;0.00554929610524;0.000884558172693;0.00179494544403;0.00375435066122;9.07986096011e-06;0;0;0.0017736019081;0.00555269270836;8.67361737988e-19;0.0;1;0.950019660239;0;2
791.9714;2.0251;3.37516666667e-05;0.00555269270836;0.000885504789343;0.0017932357489;0.00375945695946;9.06051299368e-06;0;0;0.00177171773881;0.00555586585194;0.0;0.0;1;0.950008282111;0;2
793.9925;2.0211;3.3685e-05;0.00555586585194;0.000886389520333;0.00179148185954;0.0037643839924;9.04162320306e-06;0;0;0.00176980268835;0.00555883005754;8.67361737988e-19;0.0;1;0.950000402889;0;2
796.0097;2.0172;3.362e-05;0.00555883005754;0.000887216337083;0.00178969279516;0.00376913726238;9.0231912859e-06;0;0;0.00176786501373;0.00556159908483;0.0;0.0;1;0.949994068023;0;2
798.0231;2.0134;3.35566666667e-05;0.00556159908483;0.00088798901002;0.00178787707278;0.00377372201205;9.00521694452e-06;0;0;0.00176591247913;0.0055641859409;8.67361737988e-19;0.0;1;0.949987383227;0;2
800.0328;2.0097;3.3495e-05;0.0055641859409;0.000888711109701;0.00178604271717;0.00377814322374;8.98769988585e-06;0;0;0.00176395237151;0.00556660289536;-8.67361737988e-19;0.0;1;0.949978552744;0;2
802.039;2.0062;3.34366666667e-05;0.00556660289536;0.000889386009691;0.00178428621264;0.00378231668272;8.97108694171e-06;0;0;0.00176207935004;0.00556886161248;0.0;0.0;1;0.950013269648;0;2
804.0417;2.0027;3.33783333333e-05;0.00556886161248;0.000890016922334;0.00178243689036;0.00378642472212;8.95448349243e-06;0;0;0.00176012425015;0.00557097282212;0.0;0.0;1;0.949995497337;0;2
806.0411;1.9994;3.33233333333e-05;0.00557097282212;0.000890606805773;0.00178067924746;0.00379029357465;8.93878350022e-06;0;0;0.00175826868772;0.00557294681221;8.67361737988e-19;0.0;1;0.950018639226;0;2
808.0372;1.9961;3.32683333333e-05;0.00557294681221;0.000891158500612;0.00177884148307;0.00379410532914;8.92309254349e-06;0;0;0.00175634244921;0.00557479301914;0.0;0.0;1;0.949986745523;0;2
810.0302;1.993;3.32166666667e-05;0.00557479301914;0.000891674614648;0.00177710750699;0.00379768551214;8.90830440419e-06;0;0;0.00175452659143;0.00557652046583;0.0;0.0;1;0.949994004084;0;2
812.0202;1.99;3.31666666667e-05;0.00557652046583;0.00089215764461;0.00177539371277;0.00380112675306;8.893971743e-06;0;0;0.00175273804113;0.00557813748911;0.0;0.0;1;0.949992384574;0;2
814.0073;1.9871;3.31183333333e-05;0.00557813748911;0.000892609899324;0.00177370513095;0.00380443235816;8.88009429774e-06;0;0;0.00175098127751;0.0055796518747;0.0;0.0;1;0.949981552658;0;2
815.9917;1.9844;3.30733333333e-05;0.0055796518747;0.000893033536908;0.00177213575064;0.00380751612406;8.86711860554e-06;0;0;0.00174934861957;0.00558107095836;8.67361737988e-19;0.0;1;0.95000930927;0;2
817.9734;1.9817;3.30283333333e-05;0.00558107095836;0.000893430592581;0.00177051140532;0.00381055955304;8.85415072974e-06;0;0;0.0017476676959;0.00558240143154;0.0;0.0;1;0.949980218353;0;2
819.9526;1.9792;3.29866666667e-05;0.00558240143154;0.000893802923887;0.00176901474696;0.00381338668459;8.84208401145e-06;0;0;0.0017461183989;0.00558364966614;8.67361737988e-19;0.0;1;0.949990449489;0;2
821.9294;1.9768;3.29466666667e-05;0.00558364966614;0.000894152301179;0.00176756026897;0.00381608939717;8.83047136321e-06;0;0;0.0017446159308;0.00558482152328;0.0;0.0;1;0.949992846519;0;2
823.9039;1.9745;3.29083333333e-05;0.00558482152328;0.000894480353812;0.0017661514586;0.00381867006467;8.81931254219e-06;0;0;0.0017431633707;0.00558592245616;0.0;0.0;1;0.94998827926;0;2
825.8762;1.9723;3.28716666667e-05;0.00558592245616;0.000894788598644;0.00176479155311;0.00382113090306;8.80860730887e-06;0;0;0.00174176357321;0.00558695753563;0.0;0.0;1;0.949977816724;0;2
827.8465;1.9703;3.28383333333e-05;0.00558695753563;0.000895078446948;0.00176357306402;0.00382338447161;8.79880195437e-06;0;0;0.00174050752107;0.00558793152405;8.67361737988e-19;0.0;1;0.950010922503;0;2
829.8148;1.9683;3.2805e-05;0.00558793152405;0.000895351224906;0.00176231981598;0.00382561170807;8.78900310275e-06;0;0;0.00173922103962;0.00558884874458;0.0;0.0;1;0.949992662246;0;2
831.7813;1.9665;3.2775e-05;0.00558884874458;0.000895608136805;0.00176121340103;0.00382763534356;8.78010357987e-06;0;0;0.00173808306767;0.00558971330765;0.0;0.0;1;0.950020994842;0;2
833.746;1.9647;3.2745e-05;0.00558971330765;0.000895850328313;0.00176007714004;0.00382963616761;8.77121019157e-06;0;0;0.0017369189818;0.00559052893922;0.0;0.0;1;0.950001032026;0;2
835.709;1.963;3.27166666667e-05;0.00559052893922;0.000896078838247;0.00175900275948;0.00383152617974;8.76276924117e-06;0;0;0.0017358190658;0.00559129914297;8.67361737988e-19;0.0;1;0.949982724337;0;2
837.6705;1.9615;3.26916666667e-05;0.00559129914297;0.000896294643873;0.00175808194396;0.00383321719901;8.75522681781e-06;0;0;0.0017348735678;0.00559202720666;0.0;0.0;1;0.950016305541;0;2
839.6305;1.96;3.26666666667e-05;0.00559202720666;0.000896498662599;0.00175713737869;0.00383488982797;8.74768999608e-06;0;0;0.00173390729967;0.00559271610431;0.0;0.0;1;0.950006829886;0;2
841.5891;1.9586;3.26433333333e-05;0.00559271610431;0.000896691724472;0.00175626041155;0.00383645569276;8.74060495679e-06;0;0;0.00173301021129;0.00559336863243;0.0;0.0;1;0.950004527122;0;2
843.5464;1.9573;3.26216666667e-05;0.00559336863243;0.00089687461028;0.0017554526747;0.00383791595773;8.7339714866e-06;0;0;0.00173218373108;0.00559398738399;-8.67361737988e-19;0.0;1;0.950011285319;0;2
845.5024;1.956;3.26e-05;0.00559398738399;0.000897048044183;0.00175462597442;0.00383936140957;8.72734323377e-06;0;0;0.00173134066647;0.00559457473281;0.0;0.0;1;0.949980422019;0;2
847.4573;1.9549;3.25816666667e-05;0.00559457473281;0.000897212689282;0.00175396108628;0.00384061364653;8.72161235591e-06;0;0;0.0017306592394;0.00559513294025;-8.67361737988e-19;0.0;1;0.950010883428;0;2
849.4111;1.9538;3.25633333333e-05;0.00559513294025;0.000897369177479;0.00175327989896;0.00384185304129;8.71588636438e-06;0;0;0.00172996355594;0.0055956640442;8.67361737988e-19;0.0;1;0.950007382901;0;2
851.3639;1.9528;3.25466666667e-05;0.0055956640442;0.00089751807831;0.00175267330332;0.00384299074087;8.71061123781e-06;0;0;0.00172934316622;0.00559616996252;0.0;0.0;1;0.950020271556;0;2
853.3157;1.9518;3.253e-05;0.00559616996252;0.000897659927905;0.00175205264729;0.00384411731523;8.70534079941e-06;0;0;0.00172871047322;0.00559665244765;8.67361737988e-19;0.0;1;0.950002644681;0;2
855.2666;1.9509;3.2515e-05;0.00559665244765;0.00089779521623;0.00175150868734;0.00384514376031;8.7005209474e-06;0;0;0.00172815491039;0.00559711314975;0.0;0.0;1;0.950004823866;0;2
857.2166;1.95;3.25e-05;0.00559711314975;0.000897924404757;0.00175095258928;0.00384616056048;8.69570559047e-06;0;0;0.00172758872018;0.00559755357507;-8.67361737988e-19;0.0;1;0.949979759166;0;2
859.1658;1.9492;3.24866666667e-05;0.00559755357507;0.000898047914772;0.00175047499547;0.00384707857959;8.69134054708e-06;0;0;0.00172710123731;0.00559797514302;0.0;0.0;1;0.949977712736;0;2
861.1143;1.9485;3.2475e-05;0.00559797514302;0.000898166143361;0.00175007673034;0.00384789841268;8.68742562187e-06;0;0;0.00172669318156;0.00559837916861;0.0;0.0;1;0.95000023206;0;2
863.0621;1.9478;3.24633333333e-05;0.00559837916861;0.000898279458452;0.00174966872917;0.00384871043944;8.68351485071e-06;0;0;0.00172627659231;0.00559876685023;0.0;0.0;1;0.950000024407;0;2
865.0092;1.9471;3.24516666667e-05;0.00559876685023;0.000898388195377;0.00174925165522;0.00384951519501;8.67960820342e-06;0;0;0.00172585204639;0.00559913929986;0.0;0.0;1;0.949978436223;0;2
866.9557;1.9465;3.24416666667e-05;0.00559913929986;0.000898492665341;0.00174891597309;0.00385022332678;8.67615134088e-06;0;0;0.0017255087256;0.0055994975677;-8.67361737988e-19;0.0;1;0.949985560719;0;2
868.9017;1.946;3.24333333333e-05;0.0055994975677;0.000898593162299;0.00174866229383;0.00385083527387;8.67314407407e-06;0;0;0.00172524716358;0.00559984262671;0.0;0.0;1;0.950022685285;0;2
870.8471;1.9454;3.24233333333e-05;0.00559984262671;0.000898689958623;0.0017483114455;0.00385153118121;8.66969499352e-06;0;0;0.00172489052458;0.00560017534413;0.0;0.0;1;0.949993363757;0;2
872.792;1.9449;3.2415e-05;0.00560017534413;0.000898783297096;0.00174804363452;0.00385213170961;8.66669537392e-06;0;0;0.00172461654469;0.00560049655893;-8.67361737988e-19;0.0;1;0.94999633848;0;2
874.7364;1.9444;3.24066666667e-05;0.00560049655893;0.00089887341263;0.00174776946352;0.00385272709541;8.6636994978e-06;0;0;0.00172433696989;0.00560080703247;0.0;0.0;1;0.949983849842;0;2
876.6804;1.944;3.24e-05;0.00560080703247;0.000898960518422;0.00174757924781;0.00385322778466;8.6611528321e-06;0;0;0.00172414085488;0.0056011074867;0.0;0.0;1;0.950005755985;0;2
878.624;1.9436;3.23933333333e-05;0.0056011074867;0.000899044816657;0.00174738350566;0.00385372398105;8.65860974037e-06;0;0;0.00172393987106;0.0056013985757;-8.67361737988e-19;0.0;1;0.950014155003;0;2
880.5672;1.9432;3.23866666667e-05;0.0056013985757;0.000899126490522;0.00174718259638;0.00385421597932;8.65607019776e-06;0;0;0.00172373433067;0.00560168090646;8.67361737988e-19;0.0;1;0.950009925552;0;2
882.51;1.9428;3.238e-05;0.00560168090646;0.000899205710028;0.00174697685344;0.00385470405302;8.65353417968e-06;0;0;0.00172352452344;0.00560195504228;8.67361737988e-19;0.0;1;0.949993895778;0;2
884.4525;1.9425;3.2375e-05;0.00560195504228;0.000899282632965;0.00174685651453;0.00385509852774;8.6514470001e-06;0;0;0.00172339943894;0.00560222151969;0.0;0.0;1;0.950015752046;0;2
886.3946;1.9421;3.23683333333e-05;0.00560222151969;0.000899357409639;0.00174664202526;0.00385557949443;8.64891788143e-06;0;0;0.0017231818995;0.00560248080938;8.67361737988e-19;0.0;1;0.949978429766;0;2
888.3364;1.9418;3.23633333333e-05;0.00560248080938;0.000899430171911;0.00174651350782;0.00385596730157;8.64683747723e-06;0;0;0.00172304957739;0.00560273337481;0.0;0.0;1;0.949980428854;0;2
890.278;1.9416;3.236e-05;0.00560273337481;0.000899501049629;0.00174647123796;0.00385626213685;8.64520561166e-06;0;0;0.00172300271454;0.00560297964578;8.67361737988e-19;0.0;1;0.950022423815;0;2
892.2193;1.9413;3.2355e-05;0.00560297964578;0.00089957016323;0.00174633555788;0.0038566440879;8.64313173877e-06;0;0;0.00172286404004;0.0056032199962;0.0;0.0;1;0.950007171035;0;2
894.1603;1.941;3.235e-05;0.0056032199962;0.000899637617476;0.00174619661552;0.00385702338068;8.64106113637e-06;0;0;0.00172272246613;0.00560345478568;0.0;0.0;1;0.949984149998;0;2
896.1011;1.9408;3.23466666667e-05;0.00560345478568;0.000899703513133;0.00174614457829;0.00385731020739;8.6394388931e-06;0;0;0.00172266692482;0.00560368435998;0.0;0.0;1;0.950002837985;0;2
898.0417;1.9406;3.23433333333e-05;0.00560368435998;0.000899767947106;0.00174608967815;0.00385759468183;8.6378197641e-06;0;0;0.00172260883308;0.00560390902848;0.0;0.0;1;0.950014796927;0;2
899.9821;1.9404;3.234e-05;0.00560390902848;0.000899831006092;0.00174603208422;0.00385787694426;8.63620372861e-06;0;0;0.001722548338;0.00560412907853;0.0;0.0;1;0.950020486494;0;2
901.9223;1.9402;3.23366666667e-05;0.00560412907853;0.000899892770625;0.00174597195357;0.00385815712496;8.63459076608e-06;0;0;0.00172248557626;0.00560434477713;8.67361737988e-19;0.0;1;0.950020336057;0;2
903.8623;1.94;3.23333333333e-05;0.00560434477713;0.000899953315535;0.00174590943214;0.00385843534499;8.63298085615e-06;0;0;0.00172242067488;0.00560455637235;8.67361737988e-19;0.0;1;0.950014746442;0;2
905.8021;1.9398;3.233e-05;0.00560455637235;0.000900012710353;0.00174584465554;0.0038587117168;8.63137397864e-06;0;0;0.00172235375192;0.00560476409475;0.0;0.0;1;0.950004091623;0;2
907.7417;1.9396;3.23266666667e-05;0.00560476409475;0.000900071019702;0.00174577774981;0.00385898634494;8.62977011356e-06;0;0;0.00172228491716;0.00560496815865;-8.67361737988e-19;0.0;1;0.94998872035;0;2
909.6812;1.9395;3.2325e-05;0.00560496815865;0.000900128303654;0.00174579884494;0.00385916931371;8.6286140931e-06;0;0;0.00172230307406;0.00560516877368;0.0;0.0;1;0.950017940316;0;2
911.6205;1.9393;3.23216666667e-05;0.00560516877368;0.000900184620974;0.00174572803546;0.00385944073822;8.62701612082e-06;0;0;0.00172223072564;0.00560536611441;0.0;0.0;1;0.949994096799;0;2
913.5597;1.9392;3.232e-05;0.00560536611441;0.000900240020593;0.00174574544793;0.00385962066647;8.62586588192e-06;0;0;0.00172224556267;0.00560556036326;0.0;0.0;1;0.950015436332;0;2
915.4987;1.939;3.23166666667e-05;0.00560556036326;0.000900294553652;0.00174567113953;0.00385988922373;8.6242737261e-06;0;0;0.00172217005357;0.00560575167024;0.0;0.0;1;0.949984248339;0;2
917.4376;1.9389;3.2315e-05;0.00560575167024;0.000900348262197;0.00174568524557;0.00386006642467;8.62312919368e-06;0;0;0.0017221818989;0.00560594019438;0.0;0.0;1;0.94999875674;0;2
919.3764;1.9388;3.23133333333e-05;0.00560594019438;0.000900401190812;0.00174569782875;0.00386024236563;8.6219874509e-06;0;0;0.00172219236268;0.00560612607419;-8.67361737988e-19;0.0;1;0.950010201599;0;2
921.3151;1.9387;3.23116666667e-05;0.00560612607419;0.000900453378332;0.00174570896457;0.00386041710962;8.62084847983e-06;0;0;0.00172220151089;0.0056063094387;0.0;0.0;1;0.950018793638;0;2
923.2536;1.9385;3.23083333333e-05;0.0056063094387;0.000900504860921;0.0017456286729;0.0038606807658;8.6192676624e-06;0;0;0.00172212056721;0.00560649039868;0.0;0.0;1;0.949975723134;0;2
925.192;1.9384;3.23066666667e-05;0.00560649039868;0.000900555669637;0.00174563711003;0.00386085328866;8.61813425253e-06;0;0;0.00172212725466;0.00560666907573;0.0;0.0;1;0.949979178338;0;2
927.1303;1.9383;3.2305e-05;0.00560666907573;0.00090060583857;0.0017456442969;0.00386102477883;8.61700356119e-06;0;0;0.00172213279893;0.0056068455742;0.0;0.0;1;0.949980328737;0;2
929.0685;1.9382;3.23033333333e-05;0.0056068455742;0.000900655396977;0.00174565029042;0.00386119528378;8.61587557109e-06;0;0;0.00172213724987;0.00560701999141;0.0;0.0;1;0.949979331776;0;2
931.0066;1.9381;3.23016666667e-05;0.00560701999141;0.000900704372139;0.00174565514364;0.00386136484777;8.61475026511e-06;0;0;0.00172214065397;0.00560719241814;0.0;0.0;1;0.949976333771;0;2
932.9447;1.9381;3.23016666667e-05;0.00560719241814;0.000900752789507;0.00174574898134;0.00386144343679;8.61407205098e-06;0;0;0.00172223191652;0.00560736294793;0.0;0.0;1;0.950020488809;0;1
934.8827;1.938;3.23e-05;0.00560736294793;0.000900800675312;0.00174575170875;0.00386161123917;8.61295199295e-06;0;0;0.00172223336367;0.00560753165086;0.0;0.0;1;0.950013891306;0;2
936.8206;1.9379;3.22983333333e-05;0.00560753165086;0.000900848049194;0.00174575343453;0.00386177821632;8.61183456895e-06;0;0;0.00172223388572;0.00560769860081;-8.67361737988e-19;0.0;1;0.950005672088;0;2
938.7584;1.9378;3.22966666667e-05;0.00560769860081;0.000900894931868;0.00174575419897;0.00386194440183;8.61071976247e-06;0;0;0.00172223351809;0.00560786386683;0.0;0.0;1;0.949995940152;0;2
940.6961;1.9377;3.2295e-05;0.00560786386683;0.000900941342691;0.00174575403973;0.00386210982709;8.60960755711e-06;0;0;0.00172223229393;0.00560802751347;8.67361737988e-19;0.0;1;0.949984796725;0;2
942.6338;1.9377;3.2295e-05;0.00560802751347;0.00090098729976;0.00174584309075;0.00386218442272;8.608942189e-06;0;0;0.00172231912898;0.00560818960951;0.0;0.0;1;0.950021364108;0;1
944.5714;1.9376;3.22933333333e-05;0.00560818960951;0.000901032822363;0.00174584119661;0.0038623484129;8.60783506907e-06;0;0;0.00172231629175;0.00560835020292;-8.67361737988e-19;0.0;1;0.950007676647;0;2
946.5089;1.9375;3.22916666667e-05;0.00560835020292;0.000901077923939;0.00174583847763;0.00386251172529;8.60673050235e-06;0;0;0.00172231268517;0.00560850934662;0.0;0.0;1;0.949992839861;0;2
948.4463;1.9374;3.229e-05;0.00560850934662;0.000901122619328;0.00174583496269;0.00386267438394;8.60562847299e-06;0;0;0.00172230833475;0.00560866709021;0.0;0.0;1;0.949976929021;0;2
950.3837;1.9374;3.229e-05;0.00560866709021;0.000901166922433;0.00174592079552;0.00386274629469;8.60497308213e-06;0;0;0.00172239216668;0.00560882348829;0.0;0.0;1;0.950009049271;0;1
952.321;1.9373;3.22883333333e-05;0.00560882348829;0.000901210848565;0.00174591577692;0.00386290771136;8.60387601338e-06;0;0;0.00172238640755;0.00560897857624;0.0;0.0;1;0.949991198211;0;2
954.2583;1.9373;3.22883333333e-05;0.00560897857624;0.000901254407636;0.00174600016391;0.00386297841232;8.60322548548e-06;0;0;0.00172246888282;0.00560913240299;-8.67361737988e-19;0.0;1;0.950021506409;0;1
956.1955;1.9372;3.22866666667e-05;0.00560913240299;0.000901297613369;0.00174599373662;0.00386313866637;8.60213331688e-06;0;0;0.00172246179919;0.00560928499891;0.0;0.0;1;0.950001956003;0;2
958.1326;1.9371;3.2285e-05;0.00560928499891;0.000901340474272;0.00174598663271;0.0038632983662;8.6010436093e-06;0;0;0.0017224540776;0.00560943640019;0.0;0.0;1;0.949981634199;0;2
960.0697;1.9371;3.2285e-05;0.00560943640019;0.000901383000486;0.00174606901024;0.00386336738995;8.60040029783e-06;0;0;0.00172253465898;0.00560958664863;0.0;0.0;1;0.95000963212;0;1
962.0067;1.937;3.22833333333e-05;0.00560958664863;0.000901425203735;0.00174606061964;0.00386352602899;8.5993154013e-06;0;0;0.00172252572144;0.00560973576837;0.0;0.0;1;0.949987911626;0;2
963.9437;1.937;3.22833333333e-05;0.00560973576837;0.00090146709078;0.00174614175484;0.00386359401352;8.59867680575e-06;0;0;0.00172260512722;0.00560988379727;-8.67361737988e-19;0.0;1;0.950014599942;0;1
965.8806;1.9369;3.22816666667e-05;0.00560988379727;0.000901508672238;0.00174613214726;0.00386375165001;8.59759666237e-06;0;0;0.001722595036;0.00561003075602;0.0;0.0;1;0.949991647069;0;2
967.8175;1.9369;3.22816666667e-05;0.00561003075602;0.0009015499539;0.00174621210571;0.00386381865031;8.59696272581e-06;0;0;0.00172267332479;0.00561017667904;0.0;0.0;1;0.950017180111;0;1
969.7543;1.9368;3.228e-05;0.00561017667904;0.000901590945422;0.00174620134309;0.00386397533595;8.59588727865e-06;0;0;0.00172266213538;0.00561032158405;0.0;0.0;1;0.949993138329;0;2
971.6911;1.9368;3.228e-05;0.00561032158405;0.000901631651759;0.00174628018313;0.00386404140092;8.5952579451e-06;0;0;0.00172273935952;0.00561046550249;0.0;0.0;1;0.950017649257;0;1
973.6278;1.9367;3.22783333333e-05;0.00561046550249;0.000901672081732;0.00174626832069;0.0038641971818;8.59418713817e-06;0;0;0.00172272712151;0.00561060844951;8.67361737988e-19;0.0;1;0.949992642384;0;2
975.5645;1.9367;3.22783333333e-05;0.00561060844951;0.000901712239576;0.00174634609439;0.00386426235512;8.59356235258e-06;0;0;0.00172280332786;0.00561075045396;-8.67361737988e-19;0.0;1;0.95001624614;0;1
977.5011;1.9366;3.22766666667e-05;0.00561075045396;0.000901752133385;0.00174633318151;0.00386441727245;8.59249613084e-06;0;0;0.00172279008578;0.00561089152876;8.67361737988e-19;0.0;1;0.949990381084;0;2
979.4377;1.9366;3.22766666667e-05;0.00561089152876;0.000901791766773;0.00174640993553;0.00386448159323;8.59187583909e-06;0;0;0.00172286531646;0.00561103170052;0.0;0.0;1;0.950013176941;0;1
981.3742;1.9365;3.2275e-05;0.00561103170052;0.000901831147198;0.00174639601655;0.00386463568397;8.5908141484e-06;0;0;0.00172285111041;0.00561117098023;0.0;0.0;1;0.949986546069;0;2
983.3107;1.9365;3.2275e-05;0.00561117098023;0.000901870277737;0.00174647179284;0.00386469918739;8.59019829724e-06;0;0;0.00172292540343;0.00561130939252;0.0;0.0;1;0.950008619821;0;1
985.2471;1.9364;3.22733333333e-05;0.00561130939252;0.000901909165296;0.00174645690768;0.00386485248484;8.58914108436e-06;0;0;0.00172291026966;0.00561144694675;-8.67361737988e-19;0.0;1;0.949981302991;0;2
987.1835;1.9364;3.22733333333e-05;0.00561144694675;0.000901947812487;0.0017465317441;0.00386491520265;8.58852962146e-06;0;0;0.00172298365945;0.00561158366581;0.0;0.0;1;0.950002728845;0;1
989.1199;1.9364;3.22733333333e-05;0.00561158366581;0.000901986225734;0.00174660612751;0.0038649775383;8.5879203019e-06;0;0;0.00172305661333;0.00561171956466;0.0;0.0;1;0.950023856503;0;1
991.0562;1.9363;3.22716666667e-05;0.00561171956466;0.000902024409223;0.00174658986358;0.00386512970108;8.58686967656e-06;0;0;0.00172304015249;0.00561185465056;0.0;0.0;1;0.949995638436;0;2
992.9925;1.9363;3.22716666667e-05;0.00561185465056;0.000902062364983;0.00174666335732;0.00386519129324;8.58626466865e-06;0;0;0.00172311224898;0.00561198894422;0.0;0.0;1;0.950016211218;0;1
994.9287;1.9362;3.227e-05;0.00561198894422;0.000902100098822;0.00174664621134;0.00386534273288;8.58521839212e-06;0;0;0.00172309493726;0.00561212245175;0.0;0.0;1;0.949987462981;0;2
996.8649;1.9362;3.227e-05;0.00561212245175;0.000902137612442;0.00174671884521;0.00386540360654;8.58461764562e-06;0;0;0.00172316620372;0.00561225519262;0.0;0.0;1;0.950007532738;0;1
998.801;1.9361;3.22683333333e-05;0.00561225519262;0.000902174911303;0.00174670084577;0.00386555434684;8.58357566763e-06;0;0;0.0017231480674;0.00561238717191;0.0;0.0;1;0.949978302689;0;2
1000.7371;1.9361;3.22683333333e-05;0.00561238717191;0.000902211996824;0.00174677264705;0.00386561452486;8.58297913311e-06;0;0;0.00172321852894;0.005612518408;0.0;0.0;1;0.949997914435;0;1
1002.6732;1.9361;3.22683333333e-05;0.005612518408;0.000902248874157;0.00174684404525;0.00386567436275;8.58238465564e-06;0;0;0.00172328860046;0.00561264891189;8.67361737988e-19;0.0;1;0.950017313194;0;1
1004.6092;1.936;3.22666666667e-05;0.00561264891189;0.000902285546379;0.00174682481779;0.0038658240941;8.58134900248e-06;0;0;0.00172326927563;0.00561277868739;0.0;0.0;1;0.949987438454;0;2
1006.5452;1.936;3.22666666667e-05;0.00561277868739;0.000902322014554;0.00174689542018;0.00386588326721;8.58075866465e-06;0;0;0.00172333857625;0.00561290775147;-8.67361737988e-19;0.0;1;0.95000643593;0;1
1008.4811;1.9359;3.2265e-05;0.00561290775147;0.000902358283438;0.00174687540091;0.00386603235056;8.57972718818e-06;0;0;0.00172331848387;0.00561303610724;0.0;0.0;1;0.949976174389;0;2
1010.417;1.9359;3.2265e-05;0.00561303610724;0.000902394353895;0.00174694522971;0.00386609087753;8.57914094253e-06;0;0;0.00172338703426;0.00561316377085;8.67361737988e-19;0.0;1;0.949994802403;0;1
1012.3529;1.9359;3.2265e-05;0.00561316377085;0.000902430230456;0.00174701468314;0.00386614908771;8.57855669527e-06;0;0;0.00172345522038;0.00561329075139;0.0;0.0;1;0.950013257293;0;1
1014.2887;1.9358;3.22633333333e-05;0.00561329075139;0.000902465915661;0.00174699351954;0.00386629723186;8.57753136502e-06;0;0;0.00172343401725;0.00561341705108;0.0;0.0;1;0.94998247111;0;2
1016.2245;1.9358;3.22633333333e-05;0.00561341705108;0.000902501410125;0.00174706222972;0.00386635482136;8.57695114045e-06;0;0;0.00172350148145;0.005613542685;0.0;0.0;1;0.950000596848;0;1
1018.1603;1.9358;3.22633333333e-05;0.005613542685;0.00090253671808;0.00174713057886;0.00386641210614;8.57637288026e-06;0;0;0.00172356859476;0.00561366766135;0.0;0.0;1;0.95001856766;0;1
1020.096;1.9357;3.22616666667e-05;0.00561366766135;0.00090257184182;0.00174710831421;0.00386655934714;8.57535359264e-06;0;0;0.00172354632141;0.00561379198162;-8.67361737988e-19;0.0;1;0.949987311647;0;2
1022.0317;1.9357;3.22616666667e-05;0.00561379198162;0.000902606781752;0.00174717594744;0.00386661603418;8.5747792873e-06;0;0;0.00172361273845;0.00561391566001;0.0;0.0;1;0.950004986342;0;1
1023.9674;1.9357;3.22616666667e-05;0.00561391566001;0.00090264154186;0.00174724323258;0.00386667242743;8.57420691312e-06;0;0;0.00172367881678;0.00561403870397;8.67361737988e-19;0.0;1;0.95002252106;0;1
1025.903;1.9356;3.226e-05;0.00561403870397;0.000902676124228;0.00174721990606;0.00386681879792;8.57319356696e-06;0;0;0.00172365551003;0.00561416111438;0.0;0.0;1;0.949990840255;0;2
1027.8386;1.9356;3.226e-05;0.00561416111438;0.000902710529095;0.00174728650012;0.00386687461427;8.57262508139e-06;0;0;0.0017237209155;0.00561428290468;-8.67361737988e-19;0.0;1;0.950008106071;0;1
1029.7741;1.9355;3.22583333333e-05;0.00561428290468;0.00090274476023;0.00174726248343;0.00386702042126;8.57161566064e-06;0;0;0.00172369693649;0.00561440407542;0.0;0.0;1;0.949976162566;0;2
1031.7096;1.9355;3.22583333333e-05;0.00561440407542;0.000902778817777;0.00174732840181;0.00386707567361;8.57105102016e-06;0;0;0.00172376168365;0.00561452463957;8.67361737988e-19;0.0;1;0.949993174986;0;1
1033.6451;1.9355;3.22583333333e-05;0.00561452463957;0.000902812705378;0.00174739399126;0.00386713064831;8.57048825711e-06;0;0;0.00172382611023;0.00561464460362;0.0;0.0;1;0.950010066831;0;1
1035.5805;1.9354;3.22566666667e-05;0.00561464460362;0.000902846424842;0.00174736897064;0.00386727563298;8.56948461414e-06;0;0;0.00172380115262;0.00561476396765;0.0;0.0;1;0.949977756999;0;2
1037.5159;1.9354;3.22566666667e-05;0.00561476396765;0.000902879976191;0.00174743390592;0.00386733006173;8.5689256325e-06;0;0;0.0017238649413;0.00561488274406;0.0;0.0;1;0.949994415413;0;1
1039.4513;1.9354;3.22566666667e-05;0.00561488274406;0.000902913362899;0.00174749852255;0.00386738422151;8.56836849709e-06;0;0;0.00172392841917;0.00561500093885;-8.67361737988e-19;0.0;1;0.950010962358;0;1
1041.3866;1.9353;3.2255e-05;0.00561500093885;0.000902946586643;0.00174747252913;0.00386752840972;8.56737053688e-06;0;0;0.00172390251256;0.00561511855175;0.0;0.0;1;0.949978313651;0;2
1043.3219;1.9353;3.2255e-05;0.00561511855175;0.00090297964734;0.0017475365115;0.00386758204025;8.56681712065e-06;0;0;0.0017239653715;0.00561523559463;0.0;0.0;1;0.949994643896;0;1
1045.2572;1.9353;3.2255e-05;0.00561523559463;0.000903012548322;0.00174760018477;0.00386763540986;8.56626552018e-06;0;0;0.00172402792873;0.00561535207308;0.0;0.0;1;0.950010870332;0;1
1047.1924;1.9352;3.22533333333e-05;0.00561535207308;0.000903045291149;0.00174757324743;0.00386777882564;8.56527314991e-06;0;0;0.0017240011007;0.00561546798652;0.0;0.0;1;0.949977905842;0;2
1049.1276;1.9352;3.22533333333e-05;0.00561546798652;0.000903077875656;0.00174763630497;0.00386783168155;8.56472520781e-06;0;0;0.0017240630567;0.00561558334638;8.67361737988e-19;0.0;1;0.949993929706;0;1
1051.0628;1.9352;3.22533333333e-05;0.00561558334638;0.000903110305043;0.00174769906232;0.00386788428406;8.56417905171e-06;0;0;0.00172412471954;0.00561569815788;0.0;0.0;1;0.950009856251;0;1
1052.9979;1.9351;3.22516666667e-05;0.00561569815788;0.000903142580772;0.00174767120805;0.00386802694983;8.56319218064e-06;0;0;0.00172409699589;0.0056158124202;0.0;0.0;1;0.949976595556;0;2
1054.933;1.9351;3.22516666667e-05;0.0056158124202;0.000903174702606;0.00174773336701;0.00386807905319;8.5626496235e-06;0;0;0.00172415807412;0.00561592614435;0.0;0.0;1;0.949992331554;0;1
1056.8681;1.9351;3.22516666667e-05;0.00561592614435;0.000903206673633;0.00174779523415;0.0038681309102;8.56210882325e-06;0;0;0.00172421886719;0.00561603933524;0.0;0.0;1;0.950007975781;0;1
1058.8032;1.9351;3.22516666667e-05;0.00561603933524;0.000903238495227;0.00174785681211;0.00386818252312;8.56156977043e-06;0;0;0.00172427937767;0.00561615199769;0.0;0.0;1;0.950023529905;0;1
1060.7382;1.935;3.225e-05;0.00561615199769;0.000903270168738;0.00174782777651;0.00386832422119;8.56059007562e-06;0;0;0.00172425049951;0.00561626413062;8.67361737988e-19;0.0;1;0.949989900427;0;2
1062.6732;1.935;3.225e-05;0.00561626413062;0.000903301693851;0.0017478887776;0.00386837535302;8.5600545448e-06;0;0;0.00172431044607;0.00561637574454;0.0;0.0;1;0.95000527744;0;1
1064.6082;1.935;3.225e-05;0.00561637574454;0.000903333073518;0.00174794949726;0.00386842624729;8.55952073318e-06;0;0;0.00172437011747;0.00561648684402;-8.67361737988e-19;0.0;1;0.95002056891;0;1
1066.5431;1.9349;3.22483333333e-05;0.00561648684402;0.000903364309015;0.00174791960151;0.00386856724251;8.55854633405e-06;0;0;0.00172434039829;0.00561659742779;0.0;0.0;1;0.949986678764;0;2
1068.478;1.9349;3.22483333333e-05;0.00561659742779;0.000903395399981;0.00174797975942;0.00386861766837;8.55801598807e-06;0;0;0.00172439952034;0.00561670750606;0.0;0.0;1;0.950001801665;0;1
1070.4129;1.9349;3.22483333333e-05;0.00561670750606;0.000903426349277;0.00174803964322;0.00386866786284;8.55748733371e-06;0;0;0.0017244583743;0.00561681708315;8.67361737988e-19;0.0;1;0.950016843005;0;1
1072.3477;1.9348;3.22466666667e-05;0.00561681708315;0.000903457158114;0.00174800890952;0.00386880817363;8.55651814615e-06;0;0;0.0017244278355;0.00561692615765;8.67361737988e-19;0.0;1;0.949982704207;0;2
1074.2825;1.9348;3.22466666667e-05;0.00561692615765;0.00090348782609;0.00174806824592;0.00386885791173;8.55599290233e-06;0;0;0.00172448615398;0.00561703473948;0.0;0.0;1;0.949997584468;0;1
1076.2173;1.9348;3.22466666667e-05;0.00561703473948;0.000903518355985;0.00174812731516;0.00386890742432;8.55546932314e-06;0;0;0.00172454421109;0.00561714283275;0.0;0.0;1;0.950012386671;0;1
1078.152;1.9347;3.2245e-05;0.00561714283275;0.000903548748951;0.0017480957646;0.00386904706815;8.55450526491e-06;0;0;0.00172451287304;0.00561725043593;0.0;0.0;1;0.949978009807;0;2
1080.0867;1.9347;3.2245e-05;0.00561725043593;0.000903579004551;0.00174815430011;0.00386909613582;8.55398504239e-06;0;0;0.00172457040787;0.00561735755865;0.0;0.0;1;0.949992657558;0;1
1082.0214;1.9347;3.2245e-05;0.00561735755865;0.00090360912549;0.00174821257508;0.00386914498357;8.55346645812e-06;0;0;0.00172462768775;0.00561746420486;0.0;0.0;1;0.950007230365;0;1
1083.9561;1.9347;3.2245e-05;0.00561746420486;0.000903639112866;0.00174827059166;0.0038691936132;8.55294950353e-06;0;0;0.00172468471473;0.00561757037842;0.0;0.0;1;0.950021729188;0;1
1085.8907;1.9346;3.22433333333e-05;0.00561757037842;0.000903668967764;0.00174823798504;0.00386933239339;8.55199214189e-06;0;0;0.00172465234309;0.00561767607767;0.0;0.0;1;0.949987049864;0;2
1087.8253;1.9346;3.22433333333e-05;0.00561767607767;0.000903698689709;0.00174829548511;0.00386938059256;8.55147847414e-06;0;0;0.00172470886449;0.0056177813119;8.67361737988e-19;0.0;1;0.950001401977;0;1
1089.7599;1.9346;3.22433333333e-05;0.0056177813119;0.000903728281312;0.00174835273303;0.00386942857888;8.55096641044e-06;0;0;0.00172476513904;0.00561788608484;0.0;0.0;1;0.950015682802;0;1
1091.6944;1.9345;3.22416666667e-05;0.00561788608484;0.000903757743609;0.00174831935501;0.00386956672982;8.55001399342e-06;0;0;0.00172473201221;0.00561799039471;0.0;0.0;1;0.949980785873;0;2
1093.6289;1.9345;3.22416666667e-05;0.00561799039471;0.000903787076102;0.00174837609872;0.00386961429599;8.54950516539e-06;0;0;0.0017247877931;0.0056180942506;0.0;0.0;1;0.949994925141;0;1
1095.5634;1.9345;3.22416666667e-05;0.0056180942506;0.000903816281336;0.00174843259624;0.00386966165435;8.54899791636e-06;0;0;0.00172484333295;0.00561819765606;-8.67361737988e-19;0.0;1;0.950008995565;0;1
1097.4979;1.9345;3.22416666667e-05;0.00561819765606;0.000903845360307;0.00174848884951;0.00386970880654;8.54849223818e-06;0;0;0.00172489863363;0.0056183006146;0.0;0.0;1;0.950022997908;0;1
1099.4323;1.9344;3.224e-05;0.0056183006146;0.000903874313997;0.001748454473;0.0038698461416;8.54754627811e-06;0;0;0.00172486452904;0.00561840312437;0.0;0.0;1;0.949987822704;0;2
1101.3667;1.9344;3.224e-05;0.00561840312437;0.000903903141878;0.00174851023765;0.00386989288672;8.54704376926e-06;0;0;0.0017249193512;0.00561850519415;0.0;0.0;1;0.950001689646;0;1
1103.3011;1.9344;3.224e-05;0.00561850519415;0.000903931846417;0.00174856576371;0.00386993943044;8.54654280692e-06;0;0;0.00172497393969;0.00561860682733;-8.67361737988e-19;0.0;1;0.950015490677;0;1
1105.2354;1.9343;3.22383333333e-05;0.00561860682733;0.000903960428559;0.00174853065696;0.00387007617037;8.54560161598e-06;0;0;0.00172493911989;0.00561870802197;8.67361737988e-19;0.0;1;0.94998011413;0;2
1107.1697;1.9343;3.22383333333e-05;0.00561870802197;0.000903988887757;0.00174858570559;0.00387012231638;8.54510377434e-06;0;0;0.00172499324073;0.00561880878667;8.67361737988e-19;0.0;1;0.949993783946;0;1
1109.104;1.9343;3.22383333333e-05;0.00561880878667;0.000904017226423;0.00174864052107;0.0038701682656;8.54460745539e-06;0;0;0.0017250471332;0.00561890912468;-8.67361737988e-19;0.0;1;0.95000738985;0;1
1111.0383;1.9343;3.22383333333e-05;0.00561890912468;0.000904045445465;0.00174869510516;0.00387021401952;8.5441126514e-06;0;0;0.00172510079901;0.00561900903921;0.0;0.0;1;0.950020932475;0;1
1112.9725;1.9342;3.22366666667e-05;0.00561900903921;0.000904073545782;0.00174865905225;0.00387034998696;8.54317768963e-06;0;0;0.00172506505232;0.00561910852826;0.0;0.0;1;0.949985297282;0;2
1114.9067;1.9342;3.22366666667e-05;0.00561910852826;0.000904101526807;0.00174871317315;0.00387039535511;8.54268594325e-06;0;0;0.00172511826433;0.00561920760017;0.0;0.0;1;0.949998713787;0;1
1116.8409;1.9342;3.22366666667e-05;0.00561920760017;0.00090412939088;0.00174876706784;0.00387044053232;8.54219568869e-06;0;0;0.00172517125473;0.00561930625803;8.67361737988e-19;0.0;1;0.950012068826;0;1
1118.775;1.9341;3.2235e-05;0.00561930625803;0.000904157138869;0.00174873032229;0.00387057593574;8.54126532918e-06;0;0;0.00172513482939;0.00561940449981;0.0;0.0;1;0.949976245749;0;2
1120.7091;1.9341;3.2235e-05;0.00561940449981;0.000904184770193;0.00174878376403;0.00387062073578;8.54077808598e-06;0;0;0.00172518737597;0.00561950233366;0.0;0.0;1;0.949989478195;0;1
1122.6432;1.9341;3.2235e-05;0.00561950233366;0.000904212287144;0.00174883698457;0.00387066534909;8.54029231194e-06;0;0;0.00172523970579;0.00561959976258;0.0;0.0;1;0.950002650871;0;1
1124.5773;1.9341;3.2235e-05;0.00561959976258;0.000904239690558;0.00174888998551;0.00387070977707;8.53980799969e-06;0;0;0.00172529182044;0.00561969678951;8.67361737988e-19;0.0;1;0.950015764315;0;1
1126.5113;1.934;3.22333333333e-05;0.00561969678951;0.000904266981261;0.00174885234176;0.00387084444775;8.53888365269e-06;0;0;0.00172525451492;0.00561979341235;0.0;0.0;1;0.949979699114;0;2
1128.4453;1.934;3.22333333333e-05;0.00561979341235;0.000904294158656;0.00174890490284;0.00387088850951;8.53840229179e-06;0;0;0.0017253061985;0.00561988963905;0.0;0.0;1;0.949992694323;0;1
1130.3793;1.934;3.22333333333e-05;0.00561988963905;0.000904321224974;0.0017489572491;0.00387093238995;8.53792237067e-06;0;0;0.00172535767155;0.00561998547246;0.0;0.0;1;0.950005631864;0;1
1132.3133;1.934;3.22333333333e-05;0.00561998547246;0.000904348181014;0.00174900938208;0.00387097609038;8.53744388215e-06;0;0;0.00172540893557;0.0056200809154;0.0;0.0;1;0.950018512235;0;1
1134.2472;1.9339;3.22316666667e-05;0.0056200809154;0.000904375027564;0.00174897086581;0.0038711100496;8.53652542872e-06;0;0;0.00172537077489;0.00562017596572;0.0;0.0;1;0.949982213313;0;2
1136.1811;1.9339;3.22316666667e-05;0.00562017596572;0.000904401764015;0.00174902257143;0.00387115339429;8.53604983321e-06;0;0;0.00172542162003;0.00562027063116;8.67361737988e-19;0.0;1;0.94999497948;0;1
1138.115;1.9339;3.22316666667e-05;0.00562027063116;0.000904428392539;0.00174907406833;0.00387119656283;8.53557564889e-06;0;0;0.00172547226059;0.00562036491444;-8.67361737988e-19;0.0;1;0.950007689929;0;1
1140.0489;1.9339;3.22316666667e-05;0.00562036491444;0.000904454913899;0.00174912535799;0.00387123955645;8.53510286881e-06;0;0;0.00172552269801;0.00562045881826;-8.67361737988e-19;0.0;1;0.950020345124;0;1
1141.9827;1.9338;3.223e-05;0.00562045881826;0.00090448132885;0.00174908599373;0.00387137282452;8.53419019328e-06;0;0;0.00172548370609;0.00562055234042;0.0;0.0;1;0.949983820284;0;2
1143.9165;1.9338;3.223e-05;0.00562055234042;0.000904507636771;0.00174913686799;0.00387141547243;8.53372024945e-06;0;0;0.00172553373629;0.00562064548848;0.0;0.0;1;0.949996365029;0;1
1145.8503;1.9338;3.223e-05;0.00562064548848;0.00090453383978;0.00174918753937;0.00387145794911;8.53325168904e-06;0;0;0.00172558356761;0.00562073826503;0.0;0.0;1;0.950008855877;0;1
1147.7841;1.9338;3.223e-05;0.00562073826503;0.000904559938606;0.00174923800928;0.00387150025575;8.53278450526e-06;0;0;0.00172563320142;0.00562083067267;0.0;0.0;1;0.95002129326;0;1
1149.7178;1.9337;3.22283333333e-05;0.00562083067267;0.000904585933973;0.00174919782052;0.00387163285214;8.53187749512e-06;0;0;0.00172559340118;0.00562092270916;8.67361737988e-19;0.0;1;0.949984549792;0;2
1151.6515;1.9337;3.22283333333e-05;0.00562092270916;0.000904611825251;0.00174924788649;0.00387167482267;8.53141309241e-06;0;0;0.00172564263894;0.00562101438186;8.67361737988e-19;0.0;1;0.949996880246;0;1
1153.5852;1.9337;3.22283333333e-05;0.00562101438186;0.000904637614503;0.00174929775516;0.00387171662669;8.53095004607e-06;0;0;0.00172569168328;0.00562110569326;-8.67361737988e-19;0.0;1;0.950009158508;0;1
1155.5189;1.9337;3.22283333333e-05;0.00562110569326;0.000904663302429;0.00174934742791;0.00387175826536;8.53048834953e-06;0;0;0.00172574053552;0.00562119664586;0.0;0.0;1;0.950021384988;0;1
1157.4525;1.9336;3.22266666667e-05;0.00562119664586;0.000904688889724;0.00174930643717;0.00387189020869;8.52958689532e-06;0;0;0.00172569994892;0.00562128723738;0.0;0.0;1;0.949984429741;0;2
1159.3861;1.9336;3.22266666667e-05;0.00562128723738;0.000904714375748;0.00174935571695;0.00387193152043;8.52912792614e-06;0;0;0.00172574841583;0.005621377475;8.67361737988e-19;0.0;1;0.949996552604;0;1
1161.3197;1.9336;3.22266666667e-05;0.005621377475;0.000904739762516;0.0017494048048;0.0038719726702;8.52867028704e-06;0;0;0.00172579669455;0.00562146736113;8.67361737988e-19;0.0;1;0.950008624886;0;1
1163.2533;1.9336;3.22266666667e-05;0.00562146736113;0.000904765050698;0.00174945370203;0.0038720136591;8.52821397161e-06;0;0;0.00172584478634;0.00562155689813;0.0;0.0;1;0.950020646973;0;1
1165.1868;1.9335;3.2225e-05;0.00562155689813;0.000904790240962;0.0017494119309;0.00387214496723;8.52731796683e-06;0;0;0.00172580343447;0.00562164608373;-8.67361737988e-19;0.0;1;0.949983486405;0;2
1167.1203;1.9335;3.2225e-05;0.00562164608373;0.000904815332659;0.0017494604457;0.00387218563804;8.52686432651e-06;0;0;0.00172585115122;0.00562173492493;0.0;0.0;1;0.949995408005;0;1
1169.0538;1.9335;3.2225e-05;0.00562173492493;0.000904840327758;0.00174950877372;0.00387222615121;8.52641199067e-06;0;0;0.00172589868481;0.00562182342403;0.0;0.0;1;0.950007280546;0;1
1170.9873;1.9335;3.2225e-05;0.00562182342403;0.000904865226903;0.00174955691622;0.00387226650781;8.52596095309e-06;0;0;0.00172594603645;0.00562191158332;0.0;0.0;1;0.950019104396;0;1
1172.9207;1.9334;3.22233333333e-05;0.00562191158332;0.000904890030732;0.00174951438542;0.0038723971979;8.52507029407e-06;0;0;0.00172590393954;0.00562199940048;0.0;0.0;1;0.949981744624;0;2
1174.8541;1.9334;3.22233333333e-05;0.00562199940048;0.000904914738595;0.0017495621556;0.00387243724488;8.52462188072e-06;0;0;0.00172595092603;0.00562208688236;8.67361737988e-19;0.0;1;0.949993470954;0;1
1176.7875;1.9334;3.22233333333e-05;0.00562208688236;0.000904939352411;0.00174960974395;0.00387247713841;8.52417474696e-06;0;0;0.00172599773418;0.00562217403118;0.0;0.0;1;0.950005149672;0;1
1178.7209;1.9334;3.22233333333e-05;0.00562217403118;0.0009049638728;0.00174965715167;0.00387251687951;8.5237288867e-06;0;0;0.00172604436517;0.00562226084912;0.0;0.0;1;0.950016781126;0;1
1180.6542;1.9333;3.22216666667e-05;0.00562226084912;0.000904988300377;0.00174961388112;0.003872646968;8.52284347254e-06;0;0;0.00172600154267;0.00562234733387;8.67361737988e-19;0.0;1;0.949979227955;0;2
1182.5875;1.9333;3.22216666667e-05;0.00562234733387;0.000905012634485;0.00174966092625;0.00387268640762;8.52240018699e-06;0;0;0.001726047818;0.0056224334921;0.0;0.0;1;0.949990764711;0;1
1184.5208;1.9333;3.22216666667e-05;0.0056224334921;0.000905036876999;0.0017497077943;0.0038727256978;8.52195815678e-06;0;0;0.00172609391964;0.00562251932594;0.0;0.0;1;0.950002255229;0;1
1186.4541;1.9333;3.22216666667e-05;0.00562251932594;0.000905061028517;0.00174975448643;0.00387276483951;8.52151737598e-06;0;0;0.00172613984871;0.00562260483751;0.0;0.0;1;0.950013699842;0;1
1188.3873;1.9332;3.222e-05;0.00562260483751;0.000905085089629;0.00174971049527;0.00387289434224;8.52063710843e-06;0;0;0.00172609631933;0.00562269002447;8.67361737988e-19;0.0;1;0.949975958801;0;2
1190.3205;1.9332;3.222e-05;0.00562269002447;0.000905109059674;0.00174975683416;0.00387293319031;8.52019885413e-06;0;0;0.00172614190189;0.00562277489334;0.0;0.0;1;0.949987311405;0;1
1192.2537;1.9332;3.222e-05;0.00562277489334;0.000905132940485;0.00174980300055;0.00387297189279;8.51976183154e-06;0;0;0.00172618731522;0.00562285944618;-8.67361737988e-19;0.0;1;0.949998619083;0;1
1194.1869;1.9332;3.222e-05;0.00562285944618;0.000905156732638;0.00174984899554;0.00387301045064;8.51932603492e-06;0;0;0.0017262325604;0.00562294368501;0.0;0.0;1;0.950009882151;0;1
1196.1201;1.9332;3.222e-05;0.00562294368501;0.0009051804367;0.00174989482023;0.00387304886478;8.51889145853e-06;0;0;0.00172627763853;0.00562302761185;0.0;0.0;1;0.950021100924;0;1
1198.0532;1.9331;3.22183333333e-05;0.00562302761185;0.000905204053234;0.00174984995531;0.00387317765655;8.5180174788e-06;0;0;0.00172623325195;0.00562311122435;8.67361737988e-19;0.0;1;0.94998313272;0;2
1199.9863;1.9331;3.22183333333e-05;0.00562311122435;0.000905227581575;0.00174989543794;0.0038732157864;8.51758537049e-06;0;0;0.00172627799448;0.00562319452884;0.0;0.0;1;0.94999426267;0;1
1201.9194;1.9331;2.28333333348e-07;0.00562319452884;0.000905251023506;0.00174994075354;0.0038732537753;8.51715446529e-06;0;0;0.00172632257313;0.0055912875273;0.0;0.0;1;0.95000534925;0;1
