60.0  3.6
120.0   8.4
180.0  19.2
240.0  38.4
300.0  68.4
360.0  87.6
420.0 110.4
480.0 133.2
540.0 164.4
600.0 189.6
660.0 205.2
720.0 218.4
780.0 238.8
840.0 254.4
900 264
960 264
1020  264
1080  264
1140  264
1200  264
1260  264
1320  282
1380.0  351.6
1440.0  388.8
1500.0  399.6
1560.0  399.6
1620.0  399.6
1680.0  399.6
1740.0  409.2
1800.0  412.8
1860.0  412.8
1920.0  412.8
1980.0  418.8
2040  432
2100.0  446.4
2160.0  459.6
2220.0  460.8
2280  462
2340.0  463.2
2400.0  465.6
2460.0  466.8
2520.0  466.8
2580.0  466.8
2640  468
2700  468
2760  468
2820.0  484.8
2880.0  512.4
2940.0  514.8
3000.0  514.8
3060.0  514.8
3120.0  514.8
3180.0  514.8
3240.0  514.8
3300.0  514.8
3360.0  514.8
3420.0  514.8
3480.0  514.8
3540.0  514.8
3600.0  514.8
3660.0  514.8
3720.0  514.8
3780.0  514.8
3840.0  514.8
3900.0  514.8
3960.0  514.8
4020.0  519.6
4080.0  524.4
4140.0  526.8
4200.0  526.8
4260.0  529.2
4320.0  529.2
4380.0  529.2
4440.0  529.2
4500.0  529.2
4560.0  529.2
4620.0  529.2
4680.0  529.2
4740.0  529.2
4800.0  530.4
