# minyty	mm
5	0.2471623254
10	0.6050585104
15	1.0196475289
20	1.4629817492
25	1.9071135429
30	2.3470703151
35	2.777879488
40	3.2033401387
45	3.627251325
50	4.051304224
55	4.4771900786
60	4.9051648974
65	5.3354847384
70	5.7733228263
75	6.2238522539
80	6.6820817802
85	7.1485207439
90	7.6256326758
95	8.141796437
100	8.710016329
105	9.2864517157
110	9.8511390844
115	10.4222287409
120	11.0096881513
125	11.6456440811
130	12.3322775575
135	13.0174769514
140	13.7026638252
145	14.4515952755
150	15.2729603244
155	16.1945626303
160	17.3110090833
165	18.5816720484
170	20.0113865361
175	21.5447458208
180	22.9491802647
185	24.2001632016
190	25.2893544522
195	26.1994465593
200	27.0299400519
205	27.7647290597
210	28.4205649991
215	29.08401346
220	29.7609505844
225	30.4047628912
230	31.0054130617
235	31.5788304468
240	32.1325590162
245	32.6870730079
250	33.2457689296
255	33.7716083109
260	34.2473502755
265	34.6966624095
270	35.1324480635
275	35.5657064766
280	35.9995310918
285	36.4322297871
290	36.8679780085
295	37.3109515219
300	37.7598752958
305	38.2134740216
310	38.6687694548
315	39.1227835005
320	39.5725733633
325	40.0151964185
330	40.4516873614
335	40.8830809726
340	41.3083645257
345	41.7265252304
350	42.1180998263
355	42.4636248394
360	42.77
